0,0.5,0.5,0.5,0.001,False,[]
1,1.5,0.5,0.5,0.001,False,[]
2,2.5,0.5,0.5,0.001,False,[]
3,3.5,0.5,0.5,0.001,False,[]
4,4.5,0.5,0.5,0.001,False,[]
5,5.5,0.5,0.5,0.001,False,[]
6,6.5,0.5,0.5,0.001,False,[]
7,7.5,0.5,0.5,0.001,False,[]
8,8.5,0.5,0.5,0.001,False,[]
9,9.5,0.5,0.5,0.001,False,[]
10,0.5,1.5,0.5,0.001,False,[]
11,1.5,1.5,0.5,0.001,False,[]
12,2.5,1.5,0.5,0.001,False,[]
13,3.5,1.5,0.5,0.001,False,[]
14,4.5,1.5,0.5,0.001,False,[]
15,5.5,1.5,0.5,0.001,False,[]
16,6.5,1.5,0.5,0.001,False,[]
17,7.5,1.5,0.5,0.001,False,[]
18,8.5,1.5,0.5,0.001,False,[]
19,9.5,1.5,0.5,0.001,False,[]
20,0.5,2.5,0.5,0.001,False,[]
21,1.5,2.5,0.5,0.001,False,[]
22,2.5,2.5,0.5,0.001,False,[]
23,3.5,2.5,0.5,1.0,True,[33, 24, 34]
24,4.5,2.5,0.5,1.0,True,[34, 25, 23, 35, 33]
25,5.5,2.5,0.5,1.0,True,[35, 24, 26, 34, 36]
26,6.5,2.5,0.5,1.0,True,[36, 27, 25, 136, 37, 35]
27,7.5,2.5,0.5,1.0,True,[37, 26, 28, 137, 36, 38]
28,8.5,2.5,0.5,1.0,True,[29, 38, 27, 39, 138, 37]
29,9.5,2.5,0.5,1.0,True,[39, 28, 38]
30,0.5,3.5,0.5,0.001,False,[]
31,1.5,3.5,0.5,0.001,False,[]
32,2.5,3.5,0.5,0.00508962384757,False,[]
33,3.5,3.5,0.5,1.0,True,[34, 43, 23, 143, 44, 24]
34,4.5,3.5,0.5,1.0,True,[33, 35, 44, 24, 45, 144, 25, 43, 23]
35,5.5,3.5,0.5,1.0,True,[36, 34, 45, 25, 44, 136, 24, 145, 46, 26]
36,6.5,3.5,0.5,1.0,True,[35, 46, 37, 136, 26, 45, 137, 47, 146, 27]
37,7.5,3.5,0.5,1.0,True,[38, 47, 36, 137, 27, 136, 138, 46, 147, 48]
38,8.5,3.5,0.5,1.0,True,[37, 48, 138, 39, 28, 47, 29, 49, 137, 27]
39,9.5,3.5,0.5,1.0,True,[38, 49, 29, 48, 138, 28]
40,0.5,4.5,0.5,0.001,False,[]
41,1.5,4.5,0.5,0.00100238093297,False,[]
42,2.5,4.5,0.5,0.025513665258,False,[]
43,3.5,4.5,0.5,1.0,True,[44, 33, 53, 143, 142, 34, 153, 54, 144]
44,4.5,4.5,0.5,1.0,True,[43, 45, 34, 54, 144, 154, 33, 35, 145, 55]
45,5.5,4.5,0.5,1.0,True,[55, 44, 35, 145, 46, 36, 146, 34, 54, 144]
46,6.5,4.5,0.5,1.0,True,[56, 47, 36, 146, 45, 136, 145, 37, 147, 57]
47,7.5,4.5,0.5,1.0,True,[57, 46, 37, 147, 48, 137, 38, 36, 146, 56]
48,8.5,4.5,0.5,1.0,True,[49, 38, 58, 47, 138, 39, 59, 37, 147, 57]
49,9.5,4.5,0.5,1.0,True,[59, 39, 48, 38, 58]
50,0.5,5.5,0.5,0.001,False,[]
51,1.5,5.5,0.5,0.00100930467373,False,[]
52,2.5,5.5,0.5,0.0341858892294,False,[]
53,3.5,5.5,0.5,1.0,True,[153, 54, 43, 63, 152, 44, 154, 163, 143, 64]
54,4.5,5.5,0.5,1.0,True,[154, 55, 53, 44, 64, 45, 65, 155, 43, 153]
55,5.5,5.5,0.5,1.0,True,[45, 54, 155, 56, 65, 64, 46, 44, 154, 145]
56,6.5,5.5,0.5,1.0,True,[46, 57, 55, 66, 45, 47, 155, 146, 67, 65]
57,7.5,5.5,0.5,1.0,True,[47, 56, 58, 67, 48, 46, 147, 68, 66]
58,8.5,5.5,0.5,1.0,True,[48, 59, 57, 68, 47, 69, 49, 67]
59,9.5,5.5,0.5,1.0,True,[49, 58, 69, 48, 68]
60,0.5,6.5,0.5,0.001,False,[]
61,1.5,6.5,0.5,0.0010020517052,False,[]
62,2.5,6.5,0.5,0.0265937037394,False,[]
63,3.5,6.5,0.5,1.0,True,[163, 53, 64, 173, 54, 153, 162, 164]
64,4.5,6.5,0.5,1.0,True,[164, 65, 54, 63, 55, 154, 53, 163]
65,5.5,6.5,0.5,1.0,True,[55, 64, 66, 155, 54, 164, 56]
66,6.5,6.5,0.5,1.0,True,[67, 56, 65, 57, 55]
67,7.5,6.5,0.5,1.0,True,[68, 57, 66, 56, 58]
68,8.5,6.5,0.5,1.0,True,[69, 58, 67, 59, 57]
69,9.5,6.5,0.5,1.0,True,[59, 68, 58]
70,0.5,7.5,0.5,0.001,False,[]
71,1.5,7.5,0.5,0.001,False,[]
72,2.5,7.5,0.5,0.0010020517052,False,[]
73,3.5,7.5,0.5,0.0207539072648,False,[]
74,4.5,7.5,0.5,0.0185308819158,False,[]
75,5.5,7.5,0.5,0.00470099726952,False,[]
76,6.5,7.5,0.5,0.001,False,[]
77,7.5,7.5,0.5,0.001,False,[]
78,8.5,7.5,0.5,0.001,False,[]
79,9.5,7.5,0.5,0.001,False,[]
80,0.5,8.5,0.5,0.001,False,[]
81,1.5,8.5,0.5,0.001,False,[]
82,2.5,8.5,0.5,0.001,False,[]
83,3.5,8.5,0.5,0.001,False,[]
84,4.5,8.5,0.5,0.001,False,[]
85,5.5,8.5,0.5,0.001,False,[]
86,6.5,8.5,0.5,0.001,False,[]
87,7.5,8.5,0.5,0.001,False,[]
88,8.5,8.5,0.5,0.001,False,[]
89,9.5,8.5,0.5,0.001,False,[]
90,0.5,9.5,0.5,0.001,False,[]
91,1.5,9.5,0.5,0.001,False,[]
92,2.5,9.5,0.5,0.001,False,[]
93,3.5,9.5,0.5,0.001,False,[]
94,4.5,9.5,0.5,0.001,False,[]
95,5.5,9.5,0.5,0.001,False,[]
96,6.5,9.5,0.5,0.001,False,[]
97,7.5,9.5,0.5,0.001,False,[]
98,8.5,9.5,0.5,0.001,False,[]
99,9.5,9.5,0.5,0.001,False,[]
100,0.5,0.5,1.5,0.001,False,[]
101,1.5,0.5,1.5,0.001,False,[]
102,2.5,0.5,1.5,0.001,False,[]
103,3.5,0.5,1.5,0.001,False,[]
104,4.5,0.5,1.5,0.001,False,[]
105,5.5,0.5,1.5,0.001,False,[]
106,6.5,0.5,1.5,0.001,False,[]
107,7.5,0.5,1.5,0.001,False,[]
108,8.5,0.5,1.5,0.001,False,[]
109,9.5,0.5,1.5,0.001,False,[]
110,0.5,1.5,1.5,0.001,False,[]
111,1.5,1.5,1.5,0.001,False,[]
112,2.5,1.5,1.5,0.001,False,[]
113,3.5,1.5,1.5,0.001,False,[]
114,4.5,1.5,1.5,0.001,False,[]
115,5.5,1.5,1.5,0.001,False,[]
116,6.5,1.5,1.5,0.001,False,[]
117,7.5,1.5,1.5,0.001,False,[]
118,8.5,1.5,1.5,0.001,False,[]
119,9.5,1.5,1.5,0.001,False,[]
120,0.5,2.5,1.5,0.001,False,[]
121,1.5,2.5,1.5,0.001,False,[]
122,2.5,2.5,1.5,0.001,False,[]
123,3.5,2.5,1.5,0.00103472088532,False,[]
124,4.5,2.5,1.5,0.001,False,[]
125,5.5,2.5,1.5,0.00116096449417,False,[]
126,6.5,2.5,1.5,0.00899302140162,False,[]
127,7.5,2.5,1.5,0.0149750086483,False,[]
128,8.5,2.5,1.5,0.00430700984472,False,[]
129,9.5,2.5,1.5,0.001,False,[]
130,0.5,3.5,1.5,0.001,False,[]
131,1.5,3.5,1.5,0.001,False,[]
132,2.5,3.5,1.5,0.00765478597471,False,[]
133,3.5,3.5,1.5,0.0209969163017,False,[]
134,4.5,3.5,1.5,0.0126090091496,False,[]
135,5.5,3.5,1.5,0.033228698777,False,[]
136,6.5,3.5,1.5,0.556932281354,False,[236, 146, 137, 36, 147, 246, 37, 145, 46, 237]
137,7.5,3.5,1.5,0.93734434183,False,[138, 147, 136, 237, 37, 47, 236, 146, 247, 38]
138,8.5,3.5,1.5,0.240438300834,False,[137, 38, 39, 37, 147, 48, 237, 28]
139,9.5,3.5,1.5,0.00485817815217,False,[]
140,0.5,4.5,1.5,0.001,False,[]
141,1.5,4.5,1.5,0.00762006508939,False,[]
142,2.5,4.5,1.5,0.461753299487,False,[242, 143, 152, 43, 243, 153, 252]
143,3.5,4.5,1.5,0.971482041726,False,[144, 142, 243, 153, 43, 33, 244, 242, 152, 253]
144,4.5,4.5,1.5,0.72814827542,False,[143, 145, 244, 154, 44, 45, 34, 245, 155, 254]
145,5.5,4.5,1.5,0.922323211772,False,[146, 144, 245, 155, 45, 44, 136, 244, 154, 35]
146,6.5,4.5,1.5,0.735245329052,False,[145, 147, 136, 246, 46, 47, 236, 137, 247, 155]
147,7.5,4.5,1.5,0.887910297961,False,[247, 146, 137, 47, 136, 246, 37, 46, 237, 138]
148,8.5,4.5,1.5,0.044810775978,False,[]
149,9.5,4.5,1.5,0.00133027600353,False,[]
150,0.5,5.5,1.5,0.001,False,[]
151,1.5,5.5,1.5,0.0149111118712,False,[]
152,2.5,5.5,1.5,0.923129249893,False,[142, 153, 252, 162, 253, 143, 242, 53, 163, 262]
153,3.5,5.5,1.5,0.999459742459,False,[53, 253, 154, 143, 152, 163, 162, 252, 54, 142]
154,4.5,5.5,1.5,0.986849277281,False,[54, 254, 153, 144, 155, 164, 264, 255, 53, 145]
155,5.5,5.5,1.5,0.507392801048,False,[145, 154, 255, 55, 254, 144, 56, 54, 164, 45]
156,6.5,5.5,1.5,0.0215752404695,False,[]
157,7.5,5.5,1.5,0.0143536830547,False,[]
158,8.5,5.5,1.5,0.00128309371731,False,[]
159,9.5,5.5,1.5,0.001,False,[]
160,0.5,6.5,1.5,0.001,False,[]
161,1.5,6.5,1.5,0.00916340625306,False,[]
162,2.5,6.5,1.5,0.56541843248,False,[163, 152, 262, 173, 153, 252, 263, 63]
163,3.5,6.5,1.5,0.982281041051,False,[164, 173, 162, 263, 153, 63, 262, 152, 253, 154]
164,4.5,6.5,1.5,0.970495834038,False,[163, 154, 264, 64, 155, 65, 254, 153, 263, 54]
165,5.5,6.5,1.5,0.0711226581046,False,[]
166,6.5,6.5,1.5,0.00173895461343,False,[]
167,7.5,6.5,1.5,0.001,False,[]
168,8.5,6.5,1.5,0.001,False,[]
169,9.5,6.5,1.5,0.001,False,[]
170,0.5,7.5,1.5,0.001,False,[]
171,1.5,7.5,1.5,0.001,False,[]
172,2.5,7.5,1.5,0.0124915372541,False,[]
173,3.5,7.5,1.5,0.232814956439,False,[163, 273, 263, 164, 162, 63]
174,4.5,7.5,1.5,0.0675508043264,False,[]
175,5.5,7.5,1.5,0.00246406142573,False,[]
176,6.5,7.5,1.5,0.001,False,[]
177,7.5,7.5,1.5,0.001,False,[]
178,8.5,7.5,1.5,0.001,False,[]
179,9.5,7.5,1.5,0.001,False,[]
180,0.5,8.5,1.5,0.001,False,[]
181,1.5,8.5,1.5,0.001,False,[]
182,2.5,8.5,1.5,0.001,False,[]
183,3.5,8.5,1.5,0.00426256509758,False,[]
184,4.5,8.5,1.5,0.00175504164212,False,[]
185,5.5,8.5,1.5,0.001,False,[]
186,6.5,8.5,1.5,0.001,False,[]
187,7.5,8.5,1.5,0.001,False,[]
188,8.5,8.5,1.5,0.001,False,[]
189,9.5,8.5,1.5,0.001,False,[]
190,0.5,9.5,1.5,0.001,False,[]
191,1.5,9.5,1.5,0.001,False,[]
192,2.5,9.5,1.5,0.001,False,[]
193,3.5,9.5,1.5,0.001,False,[]
194,4.5,9.5,1.5,0.001,False,[]
195,5.5,9.5,1.5,0.001,False,[]
196,6.5,9.5,1.5,0.001,False,[]
197,7.5,9.5,1.5,0.001,False,[]
198,8.5,9.5,1.5,0.001,False,[]
199,9.5,9.5,1.5,0.001,False,[]
200,0.5,0.5,2.5,0.001,False,[]
201,1.5,0.5,2.5,0.001,False,[]
202,2.5,0.5,2.5,0.001,False,[]
203,3.5,0.5,2.5,0.001,False,[]
204,4.5,0.5,2.5,0.001,False,[]
205,5.5,0.5,2.5,0.001,False,[]
206,6.5,0.5,2.5,0.001,False,[]
207,7.5,0.5,2.5,0.001,False,[]
208,8.5,0.5,2.5,0.001,False,[]
209,9.5,0.5,2.5,0.001,False,[]
210,0.5,1.5,2.5,0.001,False,[]
211,1.5,1.5,2.5,0.001,False,[]
212,2.5,1.5,2.5,0.001,False,[]
213,3.5,1.5,2.5,0.001,False,[]
214,4.5,1.5,2.5,0.001,False,[]
215,5.5,1.5,2.5,0.001,False,[]
216,6.5,1.5,2.5,0.001,False,[]
217,7.5,1.5,2.5,0.001,False,[]
218,8.5,1.5,2.5,0.001,False,[]
219,9.5,1.5,2.5,0.001,False,[]
220,0.5,2.5,2.5,0.001,False,[]
221,1.5,2.5,2.5,0.001,False,[]
222,2.5,2.5,2.5,0.001,False,[]
223,3.5,2.5,2.5,0.001,False,[]
224,4.5,2.5,2.5,0.001,False,[]
225,5.5,2.5,2.5,0.00121659295459,False,[]
226,6.5,2.5,2.5,0.0120297581331,False,[]
227,7.5,2.5,2.5,0.00428013386536,False,[]
228,8.5,2.5,2.5,0.001,False,[]
229,9.5,2.5,2.5,0.001,False,[]
230,0.5,3.5,2.5,0.001,False,[]
231,1.5,3.5,2.5,0.001,False,[]
232,2.5,3.5,2.5,0.0100644933649,False,[]
233,3.5,3.5,2.5,0.0125466149668,False,[]
234,4.5,3.5,2.5,0.00616436468187,False,[]
235,5.5,3.5,2.5,0.0408729925412,False,[]
236,6.5,3.5,2.5,0.73298836149,False,[237, 246, 136, 245, 346, 247, 146, 137]
237,7.5,3.5,2.5,0.244556996608,False,[236, 247, 137, 147, 246, 136, 138]
238,8.5,3.5,2.5,0.00758714371008,False,[]
239,9.5,3.5,2.5,0.001,False,[]
240,0.5,4.5,2.5,0.001,False,[]
241,1.5,4.5,2.5,0.0102444342052,False,[]
242,2.5,4.5,2.5,0.625111935147,False,[252, 342, 243, 142, 343, 352, 253, 143, 152]
243,3.5,4.5,2.5,0.786609334945,False,[244, 343, 242, 143, 253, 252, 144, 342, 353, 344]
244,4.5,4.5,2.5,0.377998602175,False,[243, 245, 344, 254, 144, 145, 354, 345, 255, 154]
245,5.5,4.5,2.5,0.964267379552,False,[246, 244, 345, 255, 145, 355, 346, 344, 254, 144]
246,6.5,4.5,2.5,0.970824266567,False,[245, 346, 247, 236, 146, 345, 136, 237, 147, 255]
247,7.5,4.5,2.5,0.583809405237,False,[237, 246, 147, 146, 346, 236, 137]
248,8.5,4.5,2.5,0.00990675616081,False,[]
249,9.5,4.5,2.5,0.001,False,[]
250,0.5,5.5,2.5,0.00120993098045,False,[]
251,1.5,5.5,2.5,0.0284468065669,False,[]
252,2.5,5.5,2.5,0.979845965028,False,[152, 352, 253, 242, 262, 351, 342, 353, 243, 153]
253,3.5,5.5,2.5,0.994941154476,False,[153, 252, 254, 243, 353, 263, 242, 352, 354, 152]
254,4.5,5.5,2.5,0.829514454025,False,[154, 354, 244, 253, 255, 264, 353, 355, 344, 245]
255,5.5,5.5,2.5,0.265802083603,False,[245, 254, 355, 155, 354, 244, 154, 345, 264, 246]
256,6.5,5.5,2.5,0.062344142746,False,[]
257,7.5,5.5,2.5,0.0102911878915,False,[]
258,8.5,5.5,2.5,0.001,False,[]
259,9.5,5.5,2.5,0.001,False,[]
260,0.5,6.5,2.5,0.001,False,[]
261,1.5,6.5,2.5,0.0151448566773,False,[]
262,2.5,6.5,2.5,0.945231998844,False,[263, 252, 362, 162, 352, 253, 273, 152, 363, 372]
263,3.5,6.5,2.5,0.99097216667,False,[264, 363, 273, 262, 253, 163, 162, 353, 252, 254]
264,4.5,6.5,2.5,0.809031187665,False,[263, 254, 364, 164, 255, 354, 253, 154, 363, 273]
265,5.5,6.5,2.5,0.0176790996441,False,[]
266,6.5,6.5,2.5,0.00167883595433,False,[]
267,7.5,6.5,2.5,0.001,False,[]
268,8.5,6.5,2.5,0.001,False,[]
269,9.5,6.5,2.5,0.001,False,[]
270,0.5,7.5,2.5,0.001,False,[]
271,1.5,7.5,2.5,0.00106556590344,False,[]
272,2.5,7.5,2.5,0.0289206466219,False,[]
273,3.5,7.5,2.5,0.540856852079,False,[263, 373, 173, 264, 363, 372, 262, 163]
274,4.5,7.5,2.5,0.0662296293524,False,[]
275,5.5,7.5,2.5,0.00170545606827,False,[]
276,6.5,7.5,2.5,0.001,False,[]
277,7.5,7.5,2.5,0.001,False,[]
278,8.5,7.5,2.5,0.001,False,[]
279,9.5,7.5,2.5,0.001,False,[]
280,0.5,8.5,2.5,0.001,False,[]
281,1.5,8.5,2.5,0.001,False,[]
282,2.5,8.5,2.5,0.00106556590344,False,[]
283,3.5,8.5,2.5,0.00898431998027,False,[]
284,4.5,8.5,2.5,0.00169414556195,False,[]
285,5.5,8.5,2.5,0.001,False,[]
286,6.5,8.5,2.5,0.001,False,[]
287,7.5,8.5,2.5,0.001,False,[]
288,8.5,8.5,2.5,0.001,False,[]
289,9.5,8.5,2.5,0.001,False,[]
290,0.5,9.5,2.5,0.001,False,[]
291,1.5,9.5,2.5,0.001,False,[]
292,2.5,9.5,2.5,0.001,False,[]
293,3.5,9.5,2.5,0.001,False,[]
294,4.5,9.5,2.5,0.001,False,[]
295,5.5,9.5,2.5,0.001,False,[]
296,6.5,9.5,2.5,0.001,False,[]
297,7.5,9.5,2.5,0.001,False,[]
298,8.5,9.5,2.5,0.001,False,[]
299,9.5,9.5,2.5,0.001,False,[]
300,0.5,0.5,3.5,0.001,False,[]
301,1.5,0.5,3.5,0.001,False,[]
302,2.5,0.5,3.5,0.001,False,[]
303,3.5,0.5,3.5,0.001,False,[]
304,4.5,0.5,3.5,0.001,False,[]
305,5.5,0.5,3.5,0.001,False,[]
306,6.5,0.5,3.5,0.001,False,[]
307,7.5,0.5,3.5,0.001,False,[]
308,8.5,0.5,3.5,0.001,False,[]
309,9.5,0.5,3.5,0.001,False,[]
310,0.5,1.5,3.5,0.001,False,[]
311,1.5,1.5,3.5,0.001,False,[]
312,2.5,1.5,3.5,0.001,False,[]
313,3.5,1.5,3.5,0.001,False,[]
314,4.5,1.5,3.5,0.001,False,[]
315,5.5,1.5,3.5,0.001,False,[]
316,6.5,1.5,3.5,0.001,False,[]
317,7.5,1.5,3.5,0.001,False,[]
318,8.5,1.5,3.5,0.001,False,[]
319,9.5,1.5,3.5,0.001,False,[]
320,0.5,2.5,3.5,0.001,False,[]
321,1.5,2.5,3.5,0.001,False,[]
322,2.5,2.5,3.5,0.001,False,[]
323,3.5,2.5,3.5,0.001,False,[]
324,4.5,2.5,3.5,0.001,False,[]
325,5.5,2.5,3.5,0.00154889224853,False,[]
326,6.5,2.5,3.5,0.00132266417759,False,[]
327,7.5,2.5,3.5,0.001,False,[]
328,8.5,2.5,3.5,0.001,False,[]
329,9.5,2.5,3.5,0.001,False,[]
330,0.5,3.5,3.5,0.001,False,[]
331,1.5,3.5,3.5,0.001,False,[]
332,2.5,3.5,3.5,0.0125809720531,False,[]
333,3.5,3.5,3.5,0.00729299149496,False,[]
334,4.5,3.5,3.5,0.0137335877318,False,[]
335,5.5,3.5,3.5,0.0500110128413,False,[]
336,6.5,3.5,3.5,0.0443881047354,False,[]
337,7.5,3.5,3.5,0.00462249623508,False,[]
338,8.5,3.5,3.5,0.001,False,[]
339,9.5,3.5,3.5,0.001,False,[]
340,0.5,4.5,3.5,0.001,False,[]
341,1.5,4.5,3.5,0.0142401362641,False,[]
342,2.5,4.5,3.5,0.783911780575,False,[442, 343, 242, 352, 243, 443, 353, 452, 252, 351]
343,3.5,4.5,3.5,0.459527837762,False,[353, 342, 243, 443, 344, 244, 253, 242, 442, 352]
344,4.5,4.5,3.5,0.819086997653,False,[354, 345, 244, 343, 245, 355, 454, 254, 243, 443]
345,5.5,4.5,3.5,0.90650439262,False,[355, 344, 245, 346, 244, 354, 255, 246]
346,6.5,4.5,3.5,0.744050051532,False,[246, 345, 236, 245, 247, 355]
347,7.5,4.5,3.5,0.0220432937285,False,[]
348,8.5,4.5,3.5,0.00101969819214,False,[]
349,9.5,4.5,3.5,0.001,False,[]
350,0.5,5.5,3.5,0.0029356915795,False,[]
351,1.5,5.5,3.5,0.124846379311,False,[451, 352, 452, 342, 252, 362]
352,2.5,5.5,3.5,0.984697279121,False,[342, 252, 452, 351, 353, 362, 242, 253, 453, 262]
353,3.5,5.5,3.5,0.991312229663,False,[343, 253, 453, 354, 352, 363, 454, 252, 452, 362]
354,4.5,5.5,3.5,0.931581129748,False,[344, 254, 454, 353, 355, 364, 343, 255, 453, 345]
355,5.5,5.5,3.5,0.86334040228,False,[255, 354, 345, 364, 254, 454, 245, 344, 346]
356,6.5,5.5,3.5,0.0847503588954,False,[]
357,7.5,5.5,3.5,0.00194069973441,False,[]
358,8.5,5.5,3.5,0.001,False,[]
359,9.5,5.5,3.5,0.001,False,[]
360,0.5,6.5,3.5,0.00101031538571,False,[]
361,1.5,6.5,3.5,0.0176527888817,False,[]
362,2.5,6.5,3.5,0.972934664866,False,[372, 352, 262, 363, 462, 351, 373, 353, 252, 452]
363,3.5,6.5,3.5,0.990686835069,False,[463, 373, 362, 263, 353, 364, 462, 352, 253, 453]
364,4.5,6.5,3.5,0.601146009785,False,[464, 354, 264, 363, 355, 254, 454, 263, 353, 373]
365,5.5,6.5,3.5,0.022654122264,False,[]
366,6.5,6.5,3.5,0.00192100154228,False,[]
367,7.5,6.5,3.5,0.001,False,[]
368,8.5,6.5,3.5,0.001,False,[]
369,9.5,6.5,3.5,0.001,False,[]
370,0.5,7.5,3.5,0.001,False,[]
371,1.5,7.5,3.5,0.00279287650284,False,[]
372,2.5,7.5,3.5,0.14413769385,False,[362, 373, 472, 473, 363, 273, 262, 462]
373,3.5,7.5,3.5,0.713382708472,False,[273, 363, 372, 473, 362, 263, 463, 364, 472]
374,4.5,7.5,3.5,0.0349837116834,False,[]
375,5.5,7.5,3.5,0.00121889343815,False,[]
376,6.5,7.5,3.5,0.001,False,[]
377,7.5,7.5,3.5,0.001,False,[]
378,8.5,7.5,3.5,0.001,False,[]
379,9.5,7.5,3.5,0.001,False,[]
380,0.5,8.5,3.5,0.001,False,[]
381,1.5,8.5,3.5,0.001,False,[]
382,2.5,8.5,3.5,0.00278403474366,False,[]
383,3.5,8.5,3.5,0.0115666682074,False,[]
384,4.5,8.5,3.5,0.00121889343815,False,[]
385,5.5,8.5,3.5,0.001,False,[]
386,6.5,8.5,3.5,0.001,False,[]
387,7.5,8.5,3.5,0.001,False,[]
388,8.5,8.5,3.5,0.001,False,[]
389,9.5,8.5,3.5,0.001,False,[]
390,0.5,9.5,3.5,0.001,False,[]
391,1.5,9.5,3.5,0.001,False,[]
392,2.5,9.5,3.5,0.001,False,[]
393,3.5,9.5,3.5,0.001,False,[]
394,4.5,9.5,3.5,0.001,False,[]
395,5.5,9.5,3.5,0.001,False,[]
396,6.5,9.5,3.5,0.001,False,[]
397,7.5,9.5,3.5,0.001,False,[]
398,8.5,9.5,3.5,0.001,False,[]
399,9.5,9.5,3.5,0.001,False,[]
400,0.5,0.5,4.5,0.001,False,[]
401,1.5,0.5,4.5,0.001,False,[]
402,2.5,0.5,4.5,0.001,False,[]
403,3.5,0.5,4.5,0.001,False,[]
404,4.5,0.5,4.5,0.001,False,[]
405,5.5,0.5,4.5,0.001,False,[]
406,6.5,0.5,4.5,0.001,False,[]
407,7.5,0.5,4.5,0.001,False,[]
408,8.5,0.5,4.5,0.001,False,[]
409,9.5,0.5,4.5,0.001,False,[]
410,0.5,1.5,4.5,0.001,False,[]
411,1.5,1.5,4.5,0.001,False,[]
412,2.5,1.5,4.5,0.001,False,[]
413,3.5,1.5,4.5,0.001,False,[]
414,4.5,1.5,4.5,0.001,False,[]
415,5.5,1.5,4.5,0.001,False,[]
416,6.5,1.5,4.5,0.001,False,[]
417,7.5,1.5,4.5,0.001,False,[]
418,8.5,1.5,4.5,0.001,False,[]
419,9.5,1.5,4.5,0.001,False,[]
420,0.5,2.5,4.5,0.001,False,[]
421,1.5,2.5,4.5,0.001,False,[]
422,2.5,2.5,4.5,0.001,False,[]
423,3.5,2.5,4.5,0.001,False,[]
424,4.5,2.5,4.5,0.001,False,[]
425,5.5,2.5,4.5,0.001,False,[]
426,6.5,2.5,4.5,0.001,False,[]
427,7.5,2.5,4.5,0.001,False,[]
428,8.5,2.5,4.5,0.001,False,[]
429,9.5,2.5,4.5,0.001,False,[]
430,0.5,3.5,4.5,0.001,False,[]
431,1.5,3.5,4.5,0.001,False,[]
432,2.5,3.5,4.5,0.013100655743,False,[]
433,3.5,3.5,4.5,0.00722739189502,False,[]
434,4.5,3.5,4.5,0.00112097638405,False,[]
435,5.5,3.5,4.5,0.0019798184133,False,[]
436,6.5,3.5,4.5,0.00132266417759,False,[]
437,7.5,3.5,4.5,0.001,False,[]
438,8.5,3.5,4.5,0.001,False,[]
439,9.5,3.5,4.5,0.001,False,[]
440,0.5,4.5,4.5,0.001,False,[]
441,1.5,4.5,4.5,0.0163003143787,False,[]
442,2.5,4.5,4.5,0.819942254775,False,[452, 542, 443, 342, 543, 552, 343, 453, 451, 352]
443,3.5,4.5,4.5,0.441021872695,False,[453, 543, 442, 343, 542, 553, 454, 452, 353, 342]
444,4.5,4.5,4.5,0.0301214786308,False,[]
445,5.5,4.5,4.5,0.0424509910064,False,[]
446,6.5,4.5,4.5,0.012589873153,False,[]
447,7.5,4.5,4.5,0.00101969819214,False,[]
448,8.5,4.5,4.5,0.001,False,[]
449,9.5,4.5,4.5,0.001,False,[]
450,0.5,5.5,4.5,0.00473293507493,False,[]
451,1.5,5.5,4.5,0.227948680052,False,[452, 551, 351, 442, 552, 352, 561, 462]
452,2.5,5.5,4.5,0.986757457236,False,[352, 453, 451, 442, 552, 462, 443, 553, 353, 551]
453,3.5,5.5,4.5,0.97866761747,False,[353, 452, 454, 443, 553, 463, 442, 552, 352, 543]
454,4.5,5.5,4.5,0.198246772309,False,[354, 453, 464, 353, 355, 553, 564, 344, 443, 463]
455,5.5,5.5,4.5,0.0430643399444,False,[]
456,6.5,5.5,4.5,0.00232908981599,False,[]
457,7.5,5.5,4.5,0.001,False,[]
458,8.5,5.5,4.5,0.001,False,[]
459,9.5,5.5,4.5,0.001,False,[]
460,0.5,6.5,4.5,0.00118237743,False,[]
461,1.5,6.5,4.5,0.0296499958661,False,[]
462,2.5,6.5,4.5,0.975669273942,False,[472, 562, 452, 463, 362, 561, 453, 552, 572, 563]
463,3.5,6.5,4.5,0.988598036181,False,[464, 453, 473, 462, 563, 363, 353, 553, 573, 562]
464,4.5,6.5,4.5,0.406066948304,False,[463, 564, 454, 364, 354, 563, 473, 453, 363]
465,5.5,6.5,4.5,0.00722208614277,False,[]
466,6.5,6.5,4.5,0.001,False,[]
467,7.5,6.5,4.5,0.001,False,[]
468,8.5,6.5,4.5,0.001,False,[]
469,9.5,6.5,4.5,0.001,False,[]
470,0.5,7.5,4.5,0.001,False,[]
471,1.5,7.5,4.5,0.00521213108524,False,[]
472,2.5,7.5,4.5,0.295860785881,False,[462, 572, 473, 372, 573, 562, 373, 463, 362]
473,3.5,7.5,4.5,0.801531140294,False,[472, 573, 463, 373, 572, 563, 363, 462, 464, 372]
474,4.5,7.5,4.5,0.0221648629856,False,[]
475,5.5,7.5,4.5,0.00105069386802,False,[]
476,6.5,7.5,4.5,0.001,False,[]
477,7.5,7.5,4.5,0.001,False,[]
478,8.5,7.5,4.5,0.001,False,[]
479,9.5,7.5,4.5,0.001,False,[]
480,0.5,8.5,4.5,0.001,False,[]
481,1.5,8.5,4.5,0.001,False,[]
482,2.5,8.5,4.5,0.00505580757381,False,[]
483,3.5,8.5,4.5,0.0128572664659,False,[]
484,4.5,8.5,4.5,0.00105069386802,False,[]
485,5.5,8.5,4.5,0.001,False,[]
486,6.5,8.5,4.5,0.001,False,[]
487,7.5,8.5,4.5,0.001,False,[]
488,8.5,8.5,4.5,0.001,False,[]
489,9.5,8.5,4.5,0.001,False,[]
490,0.5,9.5,4.5,0.001,False,[]
491,1.5,9.5,4.5,0.001,False,[]
492,2.5,9.5,4.5,0.001,False,[]
493,3.5,9.5,4.5,0.001,False,[]
494,4.5,9.5,4.5,0.001,False,[]
495,5.5,9.5,4.5,0.001,False,[]
496,6.5,9.5,4.5,0.001,False,[]
497,7.5,9.5,4.5,0.001,False,[]
498,8.5,9.5,4.5,0.001,False,[]
499,9.5,9.5,4.5,0.001,False,[]
500,0.5,0.5,5.5,0.001,False,[]
501,1.5,0.5,5.5,0.001,False,[]
502,2.5,0.5,5.5,0.001,False,[]
503,3.5,0.5,5.5,0.001,False,[]
504,4.5,0.5,5.5,0.001,False,[]
505,5.5,0.5,5.5,0.001,False,[]
506,6.5,0.5,5.5,0.001,False,[]
507,7.5,0.5,5.5,0.001,False,[]
508,8.5,0.5,5.5,0.001,False,[]
509,9.5,0.5,5.5,0.001,False,[]
510,0.5,1.5,5.5,0.001,False,[]
511,1.5,1.5,5.5,0.001,False,[]
512,2.5,1.5,5.5,0.001,False,[]
513,3.5,1.5,5.5,0.001,False,[]
514,4.5,1.5,5.5,0.001,False,[]
515,5.5,1.5,5.5,0.001,False,[]
516,6.5,1.5,5.5,0.001,False,[]
517,7.5,1.5,5.5,0.001,False,[]
518,8.5,1.5,5.5,0.001,False,[]
519,9.5,1.5,5.5,0.001,False,[]
520,0.5,2.5,5.5,0.001,False,[]
521,1.5,2.5,5.5,0.001,False,[]
522,2.5,2.5,5.5,0.001,False,[]
523,3.5,2.5,5.5,0.001,False,[]
524,4.5,2.5,5.5,0.001,False,[]
525,5.5,2.5,5.5,0.001,False,[]
526,6.5,2.5,5.5,0.001,False,[]
527,7.5,2.5,5.5,0.001,False,[]
528,8.5,2.5,5.5,0.001,False,[]
529,9.5,2.5,5.5,0.001,False,[]
530,0.5,3.5,5.5,0.001,False,[]
531,1.5,3.5,5.5,0.001,False,[]
532,2.5,3.5,5.5,0.0134204947002,False,[]
533,3.5,3.5,5.5,0.0096827392202,False,[]
534,4.5,3.5,5.5,0.001,False,[]
535,5.5,3.5,5.5,0.001,False,[]
536,6.5,3.5,5.5,0.001,False,[]
537,7.5,3.5,5.5,0.001,False,[]
538,8.5,3.5,5.5,0.001,False,[]
539,9.5,3.5,5.5,0.001,False,[]
540,0.5,4.5,5.5,0.001,False,[]
541,1.5,4.5,5.5,0.0195173537088,False,[]
542,2.5,4.5,5.5,0.844035893109,False,[642, 442, 543, 552, 443, 452, 652, 643, 553, 551]
543,3.5,4.5,5.5,0.601385396683,False,[643, 443, 542, 553, 442, 453, 552, 642, 653]
544,4.5,4.5,5.5,0.010571404971,False,[]
545,5.5,4.5,5.5,0.00143092616477,False,[]
546,6.5,4.5,5.5,0.001,False,[]
547,7.5,4.5,5.5,0.001,False,[]
548,8.5,4.5,5.5,0.001,False,[]
549,9.5,4.5,5.5,0.001,False,[]
550,0.5,5.5,5.5,0.00809754625506,False,[]
551,1.5,5.5,5.5,0.41914269804,False,[552, 451, 651, 561, 452, 542, 652, 661, 562]
552,2.5,5.5,5.5,0.984775525062,False,[542, 553, 652, 551, 452, 562, 543, 453, 462, 451]
553,3.5,5.5,5.5,0.877842033987,False,[543, 453, 552, 653, 563, 443, 652, 452, 454, 463]
554,4.5,5.5,5.5,0.0754938795246,False,[]
555,5.5,5.5,5.5,0.00217577764043,False,[]
556,6.5,5.5,5.5,0.001,False,[]
557,7.5,5.5,5.5,0.001,False,[]
558,8.5,5.5,5.5,0.001,False,[]
559,9.5,5.5,5.5,0.001,False,[]
560,0.5,6.5,5.5,0.00235958919624,False,[]
561,1.5,6.5,5.5,0.100606604634,False,[661, 551, 562, 462, 451, 651, 552, 572, 662]
562,2.5,6.5,5.5,0.978096863284,False,[662, 462, 572, 563, 552, 561, 573, 452, 553, 652]
563,3.5,6.5,5.5,0.95119872556,False,[663, 463, 573, 562, 553, 564, 572, 453, 552, 653]
564,4.5,6.5,5.5,0.509740723831,False,[664, 464, 563, 463, 454, 654, 553, 573, 663]
565,5.5,6.5,5.5,0.00844996173278,False,[]
566,6.5,6.5,5.5,0.001,False,[]
567,7.5,6.5,5.5,0.001,False,[]
568,8.5,6.5,5.5,0.001,False,[]
569,9.5,6.5,5.5,0.001,False,[]
570,0.5,7.5,5.5,0.001,False,[]
571,1.5,7.5,5.5,0.00954173354461,False,[]
572,2.5,7.5,5.5,0.515719050743,False,[562, 472, 573, 672, 473, 462, 662, 563, 673, 561]
573,3.5,7.5,5.5,0.861344503234,False,[563, 473, 572, 673, 463, 472, 663, 562, 672, 564]
574,4.5,7.5,5.5,0.0232485951479,False,[]
575,5.5,7.5,5.5,0.00103029765937,False,[]
576,6.5,7.5,5.5,0.001,False,[]
577,7.5,7.5,5.5,0.001,False,[]
578,8.5,7.5,5.5,0.001,False,[]
579,9.5,7.5,5.5,0.001,False,[]
580,0.5,8.5,5.5,0.001,False,[]
581,1.5,8.5,5.5,0.001,False,[]
582,2.5,8.5,5.5,0.0083763713764,False,[]
583,3.5,8.5,5.5,0.013721488257,False,[]
584,4.5,8.5,5.5,0.00103029765937,False,[]
585,5.5,8.5,5.5,0.001,False,[]
586,6.5,8.5,5.5,0.001,False,[]
587,7.5,8.5,5.5,0.001,False,[]
588,8.5,8.5,5.5,0.001,False,[]
589,9.5,8.5,5.5,0.001,False,[]
590,0.5,9.5,5.5,0.001,False,[]
591,1.5,9.5,5.5,0.001,False,[]
592,2.5,9.5,5.5,0.001,False,[]
593,3.5,9.5,5.5,0.001,False,[]
594,4.5,9.5,5.5,0.001,False,[]
595,5.5,9.5,5.5,0.001,False,[]
596,6.5,9.5,5.5,0.001,False,[]
597,7.5,9.5,5.5,0.001,False,[]
598,8.5,9.5,5.5,0.001,False,[]
599,9.5,9.5,5.5,0.001,False,[]
600,0.5,0.5,6.5,0.001,False,[]
601,1.5,0.5,6.5,0.001,False,[]
602,2.5,0.5,6.5,0.001,False,[]
603,3.5,0.5,6.5,0.001,False,[]
604,4.5,0.5,6.5,0.001,False,[]
605,5.5,0.5,6.5,0.001,False,[]
606,6.5,0.5,6.5,0.001,False,[]
607,7.5,0.5,6.5,0.001,False,[]
608,8.5,0.5,6.5,0.001,False,[]
609,9.5,0.5,6.5,0.001,False,[]
610,0.5,1.5,6.5,0.001,False,[]
611,1.5,1.5,6.5,0.001,False,[]
612,2.5,1.5,6.5,0.001,False,[]
613,3.5,1.5,6.5,0.001,False,[]
614,4.5,1.5,6.5,0.001,False,[]
615,5.5,1.5,6.5,0.001,False,[]
616,6.5,1.5,6.5,0.001,False,[]
617,7.5,1.5,6.5,0.001,False,[]
618,8.5,1.5,6.5,0.001,False,[]
619,9.5,1.5,6.5,0.001,False,[]
620,0.5,2.5,6.5,0.001,False,[]
621,1.5,2.5,6.5,0.001,False,[]
622,2.5,2.5,6.5,0.001,False,[]
623,3.5,2.5,6.5,0.001,False,[]
624,4.5,2.5,6.5,0.001,False,[]
625,5.5,2.5,6.5,0.001,False,[]
626,6.5,2.5,6.5,0.001,False,[]
627,7.5,2.5,6.5,0.001,False,[]
628,8.5,2.5,6.5,0.001,False,[]
629,9.5,2.5,6.5,0.001,False,[]
630,0.5,3.5,6.5,0.001,False,[]
631,1.5,3.5,6.5,0.00101324793285,False,[]
632,2.5,3.5,6.5,0.014069408761,False,[]
633,3.5,3.5,6.5,0.0143236652148,False,[]
634,4.5,3.5,6.5,0.001,False,[]
635,5.5,3.5,6.5,0.001,False,[]
636,6.5,3.5,6.5,0.001,False,[]
637,7.5,3.5,6.5,0.001,False,[]
638,8.5,3.5,6.5,0.001,False,[]
639,9.5,3.5,6.5,0.001,False,[]
640,0.5,4.5,6.5,0.00101545592166,False,[]
641,1.5,4.5,6.5,0.0255960224229,False,[]
642,2.5,4.5,6.5,0.887038808263,False,[652, 742, 643, 542, 743, 752, 543, 653, 651, 552]
643,3.5,4.5,6.5,0.900102866774,False,[653, 743, 642, 543, 742, 753, 542, 652, 654, 553]
644,4.5,4.5,6.5,0.017085712705,False,[]
645,5.5,4.5,6.5,0.001,False,[]
646,6.5,4.5,6.5,0.001,False,[]
647,7.5,4.5,6.5,0.001,False,[]
648,8.5,4.5,6.5,0.001,False,[]
649,9.5,4.5,6.5,0.001,False,[]
650,0.5,5.5,6.5,0.012847663118,False,[]
651,1.5,5.5,6.5,0.684340490918,False,[551, 751, 652, 661, 752, 761, 662, 642, 552, 561]
652,2.5,5.5,6.5,0.747039709323,False,[552, 653, 651, 642, 752, 662, 643, 753, 751, 742]
653,3.5,5.5,6.5,0.765724126675,False,[553, 652, 654, 643, 753, 663, 642, 752, 754, 743]
654,4.5,5.5,6.5,0.203882581944,False,[653, 754, 664, 553, 753, 764, 663, 643, 564]
655,5.5,5.5,6.5,0.00365728703282,False,[]
656,6.5,5.5,6.5,0.001,False,[]
657,7.5,5.5,6.5,0.001,False,[]
658,8.5,5.5,6.5,0.001,False,[]
659,9.5,5.5,6.5,0.001,False,[]
660,0.5,6.5,6.5,0.0062640731617,False,[]
661,1.5,6.5,6.5,0.324315186843,False,[662, 651, 761, 561, 751, 652, 672, 551, 762, 562]
662,2.5,6.5,6.5,0.883218482318,False,[661, 762, 672, 663, 652, 562, 761, 752, 653, 563]
663,3.5,6.5,6.5,0.664376614154,False,[664, 763, 673, 662, 653, 563, 562, 753, 652, 654]
664,4.5,6.5,6.5,0.774638224044,False,[663, 654, 764, 564, 754, 763, 653, 774, 673, 563]
665,5.5,6.5,6.5,0.0125901304774,False,[]
666,6.5,6.5,6.5,0.001,False,[]
667,7.5,6.5,6.5,0.001,False,[]
668,8.5,6.5,6.5,0.001,False,[]
669,9.5,6.5,6.5,0.001,False,[]
670,0.5,7.5,6.5,0.001,False,[]
671,1.5,7.5,6.5,0.0172732212462,False,[]
672,2.5,7.5,6.5,0.788859998726,False,[662, 772, 673, 572, 663, 773, 762, 573, 661, 562]
673,3.5,7.5,6.5,0.890428599321,False,[663, 773, 672, 573, 763, 772, 662, 774, 572, 664]
674,4.5,7.5,6.5,0.0330436053988,False,[]
675,5.5,7.5,6.5,0.00108740109044,False,[]
676,6.5,7.5,6.5,0.001,False,[]
677,7.5,7.5,6.5,0.001,False,[]
678,8.5,7.5,6.5,0.001,False,[]
679,9.5,7.5,6.5,0.001,False,[]
680,0.5,8.5,6.5,0.001,False,[]
681,1.5,8.5,6.5,0.001,False,[]
682,2.5,8.5,6.5,0.0125825582507,False,[]
683,3.5,8.5,6.5,0.0141642617253,False,[]
684,4.5,8.5,6.5,0.00108740109044,False,[]
685,5.5,8.5,6.5,0.001,False,[]
686,6.5,8.5,6.5,0.001,False,[]
687,7.5,8.5,6.5,0.001,False,[]
688,8.5,8.5,6.5,0.001,False,[]
689,9.5,8.5,6.5,0.001,False,[]
690,0.5,9.5,6.5,0.001,False,[]
691,1.5,9.5,6.5,0.001,False,[]
692,2.5,9.5,6.5,0.001,False,[]
693,3.5,9.5,6.5,0.001,False,[]
694,4.5,9.5,6.5,0.001,False,[]
695,5.5,9.5,6.5,0.001,False,[]
696,6.5,9.5,6.5,0.001,False,[]
697,7.5,9.5,6.5,0.001,False,[]
698,8.5,9.5,6.5,0.001,False,[]
699,9.5,9.5,6.5,0.001,False,[]
700,0.5,0.5,7.5,0.001,False,[]
701,1.5,0.5,7.5,0.001,False,[]
702,2.5,0.5,7.5,0.001,False,[]
703,3.5,0.5,7.5,0.001,False,[]
704,4.5,0.5,7.5,0.001,False,[]
705,5.5,0.5,7.5,0.001,False,[]
706,6.5,0.5,7.5,0.001,False,[]
707,7.5,0.5,7.5,0.001,False,[]
708,8.5,0.5,7.5,0.001,False,[]
709,9.5,0.5,7.5,0.001,False,[]
710,0.5,1.5,7.5,0.001,False,[]
711,1.5,1.5,7.5,0.001,False,[]
712,2.5,1.5,7.5,0.001,False,[]
713,3.5,1.5,7.5,0.001,False,[]
714,4.5,1.5,7.5,0.001,False,[]
715,5.5,1.5,7.5,0.001,False,[]
716,6.5,1.5,7.5,0.001,False,[]
717,7.5,1.5,7.5,0.001,False,[]
718,8.5,1.5,7.5,0.001,False,[]
719,9.5,1.5,7.5,0.001,False,[]
720,0.5,2.5,7.5,0.001,False,[]
721,1.5,2.5,7.5,0.001,False,[]
722,2.5,2.5,7.5,0.001,False,[]
723,3.5,2.5,7.5,0.001,False,[]
724,4.5,2.5,7.5,0.001,False,[]
725,5.5,2.5,7.5,0.001,False,[]
726,6.5,2.5,7.5,0.001,False,[]
727,7.5,2.5,7.5,0.001,False,[]
728,8.5,2.5,7.5,0.001,False,[]
729,9.5,2.5,7.5,0.001,False,[]
730,0.5,3.5,7.5,0.001,False,[]
731,1.5,3.5,7.5,0.00152360614406,False,[]
732,2.5,3.5,7.5,0.0142006409198,False,[]
733,3.5,3.5,7.5,0.0145146803185,False,[]
734,4.5,3.5,7.5,0.00110476045738,False,[]
735,5.5,3.5,7.5,0.001,False,[]
736,6.5,3.5,7.5,0.001,False,[]
737,7.5,3.5,7.5,0.001,False,[]
738,8.5,3.5,7.5,0.001,False,[]
739,9.5,3.5,7.5,0.001,False,[]
740,0.5,4.5,7.5,0.00161087383473,False,[]
741,1.5,4.5,7.5,0.0693262576801,False,[]
742,2.5,4.5,7.5,0.888937914762,False,[842, 743, 642, 752, 643, 843, 753, 852, 652, 841]
743,3.5,4.5,7.5,0.910057455682,False,[843, 742, 643, 753, 642, 842, 752, 844, 653, 853]
744,4.5,4.5,7.5,0.0382832436942,False,[]
745,5.5,4.5,7.5,0.00110476045738,False,[]
746,6.5,4.5,7.5,0.001,False,[]
747,7.5,4.5,7.5,0.001,False,[]
748,8.5,4.5,7.5,0.001,False,[]
749,9.5,4.5,7.5,0.001,False,[]
750,0.5,5.5,7.5,0.0151913592581,False,[]
751,1.5,5.5,7.5,0.814663629052,False,[752, 651, 851, 761, 652, 661, 742, 852, 841, 861]
752,2.5,5.5,7.5,0.283283654444,False,[742, 652, 852, 751, 753, 762, 651, 653, 853, 743]
753,3.5,5.5,7.5,0.317084675126,False,[743, 653, 853, 754, 752, 763, 643, 652, 852, 742]
754,4.5,5.5,7.5,0.628873008472,False,[753, 654, 854, 764, 664, 653, 844, 853, 743, 864]
755,5.5,5.5,7.5,0.0103369272719,False,[]
756,6.5,5.5,7.5,0.001,False,[]
757,7.5,5.5,7.5,0.001,False,[]
758,8.5,5.5,7.5,0.001,False,[]
759,9.5,5.5,7.5,0.001,False,[]
760,0.5,6.5,7.5,0.0130433657789,False,[]
761,1.5,6.5,7.5,0.695583544566,False,[861, 751, 661, 762, 651, 851, 752, 871, 662, 772]
762,2.5,6.5,7.5,0.449419591308,False,[862, 662, 763, 772, 752, 761, 661, 753, 652, 852]
763,3.5,6.5,7.5,0.253399897031,False,[863, 773, 762, 663, 753, 764, 862, 752, 653, 853]
764,4.5,6.5,7.5,0.826458863409,False,[864, 754, 774, 664, 763, 874, 663, 654, 854, 753]
765,5.5,6.5,7.5,0.0133370238376,False,[]
766,6.5,6.5,7.5,0.001,False,[]
767,7.5,6.5,7.5,0.001,False,[]
768,8.5,6.5,7.5,0.001,False,[]
769,9.5,6.5,7.5,0.001,False,[]
770,0.5,7.5,7.5,0.00120836699965,False,[]
771,1.5,7.5,7.5,0.0442402994103,False,[]
772,2.5,7.5,7.5,0.885713673525,False,[672, 773, 762, 872, 763, 673, 662, 873, 761, 862]
773,3.5,7.5,7.5,0.888516709692,False,[873, 763, 772, 673, 774, 764, 872, 762, 672, 663]
774,4.5,7.5,7.5,0.143197332116,False,[874, 764, 773, 763, 664, 864, 673, 873]
775,5.5,7.5,7.5,0.00266524574836,False,[]
776,6.5,7.5,7.5,0.001,False,[]
777,7.5,7.5,7.5,0.001,False,[]
778,8.5,7.5,7.5,0.001,False,[]
779,9.5,7.5,7.5,0.001,False,[]
780,0.5,8.5,7.5,0.001,False,[]
781,1.5,8.5,7.5,0.00117860028541,False,[]
782,2.5,8.5,7.5,0.0141358511126,False,[]
783,3.5,8.5,7.5,0.0141862015059,False,[]
784,4.5,8.5,7.5,0.00266524574836,False,[]
785,5.5,8.5,7.5,0.001,False,[]
786,6.5,8.5,7.5,0.001,False,[]
787,7.5,8.5,7.5,0.001,False,[]
788,8.5,8.5,7.5,0.001,False,[]
789,9.5,8.5,7.5,0.001,False,[]
790,0.5,9.5,7.5,0.001,False,[]
791,1.5,9.5,7.5,0.001,False,[]
792,2.5,9.5,7.5,0.001,False,[]
793,3.5,9.5,7.5,0.001,False,[]
794,4.5,9.5,7.5,0.001,False,[]
795,5.5,9.5,7.5,0.001,False,[]
796,6.5,9.5,7.5,0.001,False,[]
797,7.5,9.5,7.5,0.001,False,[]
798,8.5,9.5,7.5,0.001,False,[]
799,9.5,9.5,7.5,0.001,False,[]
800,0.5,0.5,8.5,0.001,False,[]
801,1.5,0.5,8.5,0.001,False,[]
802,2.5,0.5,8.5,0.001,False,[]
803,3.5,0.5,8.5,0.001,False,[]
804,4.5,0.5,8.5,0.001,False,[]
805,5.5,0.5,8.5,0.001,False,[]
806,6.5,0.5,8.5,0.001,False,[]
807,7.5,0.5,8.5,0.001,False,[]
808,8.5,0.5,8.5,0.001,False,[]
809,9.5,0.5,8.5,0.001,False,[]
810,0.5,1.5,8.5,0.001,False,[]
811,1.5,1.5,8.5,0.001,False,[]
812,2.5,1.5,8.5,0.001,False,[]
813,3.5,1.5,8.5,0.001,False,[]
814,4.5,1.5,8.5,0.001,False,[]
815,5.5,1.5,8.5,0.001,False,[]
816,6.5,1.5,8.5,0.001,False,[]
817,7.5,1.5,8.5,0.001,False,[]
818,8.5,1.5,8.5,0.001,False,[]
819,9.5,1.5,8.5,0.001,False,[]
820,0.5,2.5,8.5,0.001,False,[]
821,1.5,2.5,8.5,0.001,False,[]
822,2.5,2.5,8.5,0.001,False,[]
823,3.5,2.5,8.5,0.001,False,[]
824,4.5,2.5,8.5,0.001,False,[]
825,5.5,2.5,8.5,0.001,False,[]
826,6.5,2.5,8.5,0.001,False,[]
827,7.5,2.5,8.5,0.001,False,[]
828,8.5,2.5,8.5,0.001,False,[]
829,9.5,2.5,8.5,0.001,False,[]
830,0.5,3.5,8.5,0.001,False,[]
831,1.5,3.5,8.5,0.0104375533866,False,[]
832,2.5,3.5,8.5,0.0133370423144,False,[]
833,3.5,3.5,8.5,0.0142147501886,False,[]
834,4.5,3.5,8.5,0.00872696683171,False,[]
835,5.5,3.5,8.5,0.001,False,[]
836,6.5,3.5,8.5,0.001,False,[]
837,7.5,3.5,8.5,0.001,False,[]
838,8.5,3.5,8.5,0.001,False,[]
839,9.5,3.5,8.5,0.001,False,[]
840,0.5,4.5,8.5,0.012010478951,False,[]
841,1.5,4.5,8.5,0.641285998054,False,[851, 842, 941, 951, 931, 852, 742, 751, 942, 940]
842,2.5,4.5,8.5,0.838619833488,False,[742, 843, 852, 841, 942, 932, 851, 743, 853, 943]
843,3.5,4.5,8.5,0.893157593864,False,[853, 842, 743, 844, 943, 854, 753, 933, 852, 742]
844,4.5,4.5,8.5,0.532527725532,False,[843, 854, 944, 954, 945, 934, 853, 754, 743, 943]
845,5.5,4.5,8.5,0.00872696683171,False,[]
846,6.5,4.5,8.5,0.001,False,[]
847,7.5,4.5,8.5,0.001,False,[]
848,8.5,4.5,8.5,0.001,False,[]
849,9.5,4.5,8.5,0.001,False,[]
850,0.5,5.5,8.5,0.0132644872284,False,[]
851,1.5,5.5,8.5,0.717988926091,False,[951, 852, 841, 751, 861, 941, 950, 842, 752, 952]
852,2.5,5.5,8.5,0.162579126206,False,[952, 842, 851, 752, 853, 862, 951, 843, 753, 953]
853,3.5,5.5,8.5,0.150626933911,False,[953, 854, 843, 753, 852, 863, 943, 842, 752, 952]
854,4.5,5.5,8.5,0.738935096161,False,[954, 844, 853, 754, 864, 953, 964, 955, 843, 753]
855,5.5,5.5,8.5,0.011936493228,False,[]
856,6.5,5.5,8.5,0.001,False,[]
857,7.5,5.5,8.5,0.001,False,[]
858,8.5,5.5,8.5,0.001,False,[]
859,9.5,5.5,8.5,0.001,False,[]
860,0.5,6.5,8.5,0.013570742169,False,[]
861,1.5,6.5,8.5,0.73215133577,False,[862, 851, 871, 961, 761, 971, 872, 852, 751, 951]
862,2.5,6.5,8.5,0.208191224008,False,[861, 863, 872, 962, 852, 762, 763, 853, 851, 752]
863,3.5,6.5,8.5,0.113475629951,False,[864, 873, 862, 963, 853, 763, 773, 852, 854, 753]
864,4.5,6.5,8.5,0.689637803703,False,[863, 854, 874, 964, 764, 974, 963, 965, 853, 754]
865,5.5,6.5,8.5,0.0110819080313,False,[]
866,6.5,6.5,8.5,0.001,False,[]
867,7.5,6.5,8.5,0.001,False,[]
868,8.5,6.5,8.5,0.001,False,[]
869,9.5,6.5,8.5,0.001,False,[]
870,0.5,7.5,8.5,0.010743002591,False,[]
871,1.5,7.5,8.5,0.57204401826,False,[971, 861, 872, 972, 961, 862, 970, 761, 981, 772]
872,2.5,7.5,8.5,0.866926505341,False,[871, 873, 862, 972, 772, 773, 962, 863, 973, 982]
873,3.5,7.5,8.5,0.844001442352,False,[874, 863, 872, 973, 773, 763, 972, 862, 963, 864]
874,4.5,7.5,8.5,0.678795009885,False,[873, 864, 974, 774, 975, 964, 973, 863, 764, 984]
875,5.5,7.5,8.5,0.0110109777863,False,[]
876,6.5,7.5,8.5,0.001,False,[]
877,7.5,7.5,8.5,0.001,False,[]
878,8.5,7.5,8.5,0.001,False,[]
879,9.5,7.5,8.5,0.001,False,[]
880,0.5,8.5,8.5,0.001,False,[]
881,1.5,8.5,8.5,0.00935114507796,False,[]
882,2.5,8.5,8.5,0.0137825418045,False,[]
883,3.5,8.5,8.5,0.0134193284547,False,[]
884,4.5,8.5,8.5,0.0110109777863,False,[]
885,5.5,8.5,8.5,0.001,False,[]
886,6.5,8.5,8.5,0.001,False,[]
887,7.5,8.5,8.5,0.001,False,[]
888,8.5,8.5,8.5,0.001,False,[]
889,9.5,8.5,8.5,0.001,False,[]
890,0.5,9.5,8.5,0.001,False,[]
891,1.5,9.5,8.5,0.001,False,[]
892,2.5,9.5,8.5,0.001,False,[]
893,3.5,9.5,8.5,0.001,False,[]
894,4.5,9.5,8.5,0.001,False,[]
895,5.5,9.5,8.5,0.001,False,[]
896,6.5,9.5,8.5,0.001,False,[]
897,7.5,9.5,8.5,0.001,False,[]
898,8.5,9.5,8.5,0.001,False,[]
899,9.5,9.5,8.5,0.001,False,[]
900,0.5,0.5,9.5,0.001,False,[]
901,1.5,0.5,9.5,0.001,False,[]
902,2.5,0.5,9.5,0.001,False,[]
903,3.5,0.5,9.5,0.001,False,[]
904,4.5,0.5,9.5,0.001,False,[]
905,5.5,0.5,9.5,0.001,False,[]
906,6.5,0.5,9.5,0.001,False,[]
907,7.5,0.5,9.5,0.001,False,[]
908,8.5,0.5,9.5,0.001,False,[]
909,9.5,0.5,9.5,0.001,False,[]
910,0.5,1.5,9.5,0.001,False,[]
911,1.5,1.5,9.5,0.001,False,[]
912,2.5,1.5,9.5,0.001,False,[]
913,3.5,1.5,9.5,0.001,False,[]
914,4.5,1.5,9.5,0.001,False,[]
915,5.5,1.5,9.5,0.001,False,[]
916,6.5,1.5,9.5,0.001,False,[]
917,7.5,1.5,9.5,0.001,False,[]
918,8.5,1.5,9.5,0.001,False,[]
919,9.5,1.5,9.5,0.001,False,[]
920,0.5,2.5,9.5,0.001,False,[]
921,1.5,2.5,9.5,0.001,False,[]
922,2.5,2.5,9.5,0.001,False,[]
923,3.5,2.5,9.5,0.001,False,[]
924,4.5,2.5,9.5,0.001,False,[]
925,5.5,2.5,9.5,0.001,False,[]
926,6.5,2.5,9.5,0.001,False,[]
927,7.5,2.5,9.5,0.001,False,[]
928,8.5,2.5,9.5,0.001,False,[]
929,9.5,2.5,9.5,0.001,False,[]
930,0.5,3.5,9.5,1.0,True,[940, 931, 941]
931,1.5,3.5,9.5,1.0,True,[932, 941, 930, 940, 942, 841]
932,2.5,3.5,9.5,1.0,True,[942, 933, 931, 941, 943, 842]
933,3.5,3.5,9.5,1.0,True,[932, 943, 934, 944, 942, 843]
934,4.5,3.5,9.5,1.0,True,[944, 935, 933, 943, 945, 844]
935,5.5,3.5,9.5,1.0,True,[934, 945, 944]
936,6.5,3.5,9.5,0.001,False,[]
937,7.5,3.5,9.5,0.001,False,[]
938,8.5,3.5,9.5,0.001,False,[]
939,9.5,3.5,9.5,0.001,False,[]
940,0.5,4.5,9.5,1.0,True,[950, 930, 941, 951, 931, 841]
941,1.5,4.5,9.5,1.0,True,[940, 931, 942, 951, 841, 930, 952, 932, 950, 842]
942,2.5,4.5,9.5,1.0,True,[941, 943, 932, 952, 842, 843, 852, 933, 953, 931]
943,3.5,4.5,9.5,1.0,True,[953, 933, 942, 944, 843, 952, 844, 932, 934, 842]
944,4.5,4.5,9.5,1.0,True,[943, 945, 934, 954, 844, 935, 854, 955, 933, 953]
945,5.5,4.5,9.5,1.0,True,[955, 944, 935, 954, 934, 844]
946,6.5,4.5,9.5,0.001,False,[]
947,7.5,4.5,9.5,0.001,False,[]
948,8.5,4.5,9.5,0.001,False,[]
949,9.5,4.5,9.5,0.001,False,[]
950,0.5,5.5,9.5,1.0,True,[951, 940, 960, 851, 941, 961]
951,1.5,5.5,9.5,1.0,True,[851, 952, 941, 950, 961, 852, 962, 942, 940, 841]
952,2.5,5.5,9.5,1.0,True,[852, 953, 942, 951, 962, 853, 941, 943, 963, 842]
953,3.5,5.5,9.5,1.0,True,[853, 952, 954, 943, 963, 852, 944, 942, 962, 854]
954,4.5,5.5,9.5,1.0,True,[854, 955, 944, 953, 964, 945, 965, 943, 853, 844]
955,5.5,5.5,9.5,1.0,True,[945, 954, 965, 854, 944, 964]
956,6.5,5.5,9.5,0.001,False,[]
957,7.5,5.5,9.5,0.001,False,[]
958,8.5,5.5,9.5,0.001,False,[]
959,9.5,5.5,9.5,0.001,False,[]
960,0.5,6.5,9.5,1.0,True,[970, 950, 961, 971, 951, 861]
961,1.5,6.5,9.5,1.0,True,[960, 951, 971, 962, 861, 950, 851, 952, 972, 871]
962,2.5,6.5,9.5,1.0,True,[961, 952, 963, 972, 862, 852, 973, 953, 951, 971]
963,3.5,6.5,9.5,1.0,True,[964, 953, 973, 962, 863, 853, 972, 952, 954, 974]
964,4.5,6.5,9.5,1.0,True,[963, 965, 954, 974, 864, 953, 973, 955, 975, 854]
965,5.5,6.5,9.5,1.0,True,[964, 955, 975, 974, 954, 864]
966,6.5,6.5,9.5,0.001,False,[]
967,7.5,6.5,9.5,0.001,False,[]
968,8.5,6.5,9.5,0.001,False,[]
969,9.5,6.5,9.5,0.001,False,[]
970,0.5,7.5,9.5,1.0,True,[980, 960, 971, 981, 961, 871]
971,1.5,7.5,9.5,1.0,True,[970, 961, 981, 972, 871, 960, 861, 962, 982, 980]
972,2.5,7.5,9.5,1.0,True,[971, 973, 962, 982, 872, 873, 981, 963, 983, 961]
973,3.5,7.5,9.5,1.0,True,[974, 963, 972, 983, 873, 863, 982, 962, 964, 984]
974,4.5,7.5,9.5,1.0,True,[973, 975, 964, 984, 874, 965, 983, 985, 963, 864]
975,5.5,7.5,9.5,1.0,True,[985, 974, 965, 984, 964, 874]
976,6.5,7.5,9.5,0.001,False,[]
977,7.5,7.5,9.5,0.001,False,[]
978,8.5,7.5,9.5,0.001,False,[]
979,9.5,7.5,9.5,0.001,False,[]
980,0.5,8.5,9.5,1.0,True,[981, 970, 971]
981,1.5,8.5,9.5,1.0,True,[980, 982, 971, 972, 970, 871]
982,2.5,8.5,9.5,1.0,True,[981, 983, 972, 973, 971, 872]
983,3.5,8.5,9.5,1.0,True,[984, 982, 973, 972, 974, 873]
984,4.5,8.5,9.5,1.0,True,[983, 985, 974, 975, 973, 874]
985,5.5,8.5,9.5,1.0,True,[984, 975, 974]
986,6.5,8.5,9.5,0.001,False,[]
987,7.5,8.5,9.5,0.001,False,[]
988,8.5,8.5,9.5,0.001,False,[]
989,9.5,8.5,9.5,0.001,False,[]
990,0.5,9.5,9.5,0.001,False,[]
991,1.5,9.5,9.5,0.001,False,[]
992,2.5,9.5,9.5,0.001,False,[]
993,3.5,9.5,9.5,0.001,False,[]
994,4.5,9.5,9.5,0.001,False,[]
995,5.5,9.5,9.5,0.001,False,[]
996,6.5,9.5,9.5,0.001,False,[]
997,7.5,9.5,9.5,0.001,False,[]
998,8.5,9.5,9.5,0.001,False,[]
999,9.5,9.5,9.5,0.001,False,[]
