0,0.5,0.5,0.5,0.001,False,[]
1,1.5,0.5,0.5,0.001,False,[]
2,2.5,0.5,0.5,0.001,False,[]
3,3.5,0.5,0.5,0.001,False,[]
4,4.5,0.5,0.5,0.001,False,[]
5,5.5,0.5,0.5,0.001,False,[]
6,6.5,0.5,0.5,0.001,False,[]
7,7.5,0.5,0.5,0.001,False,[]
8,8.5,0.5,0.5,0.001,False,[]
9,9.5,0.5,0.5,0.001,False,[]
10,0.5,1.5,0.5,0.001,False,[]
11,1.5,1.5,0.5,0.001,False,[]
12,2.5,1.5,0.5,0.001,False,[]
13,3.5,1.5,0.5,0.001,False,[]
14,4.5,1.5,0.5,0.001,False,[]
15,5.5,1.5,0.5,0.00210974885197,False,[]
16,6.5,1.5,0.5,0.00761819147935,False,[]
17,7.5,1.5,0.5,0.0116015020749,False,[]
18,8.5,1.5,0.5,0.00135520149544,False,[]
19,9.5,1.5,0.5,0.001,False,[]
20,0.5,2.5,0.5,0.001,False,[]
21,1.5,2.5,0.5,1.0,True,[31, 22, 32]
22,2.5,2.5,0.5,1.0,True,[23, 32, 21, 33, 31]
23,3.5,2.5,0.5,1.0,True,[22, 33, 24, 32, 34]
24,4.5,2.5,0.5,1.0,True,[23, 34, 25, 33, 35, 125]
25,5.5,2.5,0.5,1.0,True,[24, 35, 125, 26, 135, 36, 34, 126]
26,6.5,2.5,0.5,1.0,True,[126, 25, 36, 27, 35, 125, 136, 37, 127]
27,7.5,2.5,0.5,1.0,True,[26, 37, 127, 28, 36, 137, 38, 126]
28,8.5,2.5,0.5,1.0,True,[38, 27, 138, 37, 127]
29,9.5,2.5,0.5,0.00142624179453,False,[]
30,0.5,3.5,0.5,0.001,False,[]
31,1.5,3.5,0.5,1.0,True,[21, 41, 32, 42, 22]
32,2.5,3.5,0.5,1.0,True,[22, 42, 33, 31, 43, 23, 41, 21]
33,3.5,3.5,0.5,1.0,True,[32, 43, 23, 34, 22, 42, 44, 24]
34,4.5,3.5,0.5,1.0,True,[35, 44, 24, 33, 45, 43, 25, 23, 135]
35,5.5,3.5,0.5,1.0,True,[34, 45, 25, 135, 36, 125, 26, 44, 145, 46]
36,6.5,3.5,0.5,1.0,True,[26, 46, 35, 37, 136, 45, 25, 146, 47, 135]
37,7.5,3.5,0.5,1.0,True,[137, 47, 27, 36, 38, 46, 48, 147, 127, 28]
38,8.5,3.5,0.5,1.0,True,[138, 48, 28, 37, 47, 148, 27, 137]
39,9.5,3.5,0.5,0.0120605249339,False,[]
40,0.5,4.5,0.5,0.001,False,[]
41,1.5,4.5,0.5,1.0,True,[51, 31, 42, 32, 52]
42,2.5,4.5,0.5,1.0,True,[43, 32, 52, 41, 33, 53, 31, 51]
43,3.5,4.5,0.5,1.0,True,[42, 33, 53, 44, 32, 34, 52, 54]
44,4.5,4.5,0.5,1.0,True,[54, 45, 34, 43, 55, 145, 33, 35, 53]
45,5.5,4.5,0.5,1.0,True,[145, 35, 44, 55, 46, 34, 54, 135, 56, 36]
46,6.5,4.5,0.5,1.0,True,[47, 36, 56, 146, 45, 57, 156, 35, 37, 136]
47,7.5,4.5,0.5,1.0,True,[46, 37, 57, 147, 48, 56, 157, 36, 137, 38]
48,8.5,4.5,0.5,1.0,True,[47, 38, 58, 148, 138, 57, 37, 147]
49,9.5,4.5,0.5,0.00738456870181,False,[]
50,0.5,5.5,0.5,0.001,False,[]
51,1.5,5.5,0.5,1.0,True,[61, 41, 52, 42, 62]
52,2.5,5.5,0.5,1.0,True,[62, 53, 42, 51, 63, 41, 43, 61]
53,3.5,5.5,0.5,1.0,True,[63, 43, 52, 54, 44, 42, 62, 64]
54,4.5,5.5,0.5,1.0,True,[64, 55, 44, 53, 45, 65, 43, 63]
55,5.5,5.5,0.5,1.0,True,[65, 54, 45, 56, 44, 64, 156, 145, 46, 66]
56,6.5,5.5,0.5,1.0,True,[66, 57, 46, 156, 55, 146, 47, 157, 67, 45]
57,7.5,5.5,0.5,1.0,True,[67, 47, 56, 157, 58, 46, 156, 147, 66, 48]
58,8.5,5.5,0.5,1.0,True,[68, 48, 57, 157, 47, 148, 67]
59,9.5,5.5,0.5,0.00278146031355,False,[]
60,0.5,6.5,0.5,0.001,False,[]
61,1.5,6.5,0.5,1.0,True,[62, 51, 52]
62,2.5,6.5,0.5,1.0,True,[61, 63, 52, 53, 51]
63,3.5,6.5,0.5,1.0,True,[64, 62, 53, 52, 54]
64,4.5,6.5,0.5,1.0,True,[63, 65, 54, 55, 53]
65,5.5,6.5,0.5,1.0,True,[66, 64, 55, 54, 56]
66,6.5,6.5,0.5,1.0,True,[65, 67, 56, 57, 156, 55]
67,7.5,6.5,0.5,1.0,True,[68, 66, 57, 56, 157, 58]
68,8.5,6.5,0.5,1.0,True,[67, 58, 57]
69,9.5,6.5,0.5,0.001,False,[]
70,0.5,7.5,0.5,0.001,False,[]
71,1.5,7.5,0.5,0.001,False,[]
72,2.5,7.5,0.5,0.001,False,[]
73,3.5,7.5,0.5,0.001,False,[]
74,4.5,7.5,0.5,0.001,False,[]
75,5.5,7.5,0.5,0.001,False,[]
76,6.5,7.5,0.5,0.001,False,[]
77,7.5,7.5,0.5,0.001,False,[]
78,8.5,7.5,0.5,0.001,False,[]
79,9.5,7.5,0.5,0.001,False,[]
80,0.5,8.5,0.5,0.001,False,[]
81,1.5,8.5,0.5,0.001,False,[]
82,2.5,8.5,0.5,0.001,False,[]
83,3.5,8.5,0.5,0.001,False,[]
84,4.5,8.5,0.5,0.001,False,[]
85,5.5,8.5,0.5,0.001,False,[]
86,6.5,8.5,0.5,0.001,False,[]
87,7.5,8.5,0.5,0.001,False,[]
88,8.5,8.5,0.5,0.001,False,[]
89,9.5,8.5,0.5,0.001,False,[]
90,0.5,9.5,0.5,0.001,False,[]
91,1.5,9.5,0.5,0.001,False,[]
92,2.5,9.5,0.5,0.001,False,[]
93,3.5,9.5,0.5,0.001,False,[]
94,4.5,9.5,0.5,0.001,False,[]
95,5.5,9.5,0.5,0.001,False,[]
96,6.5,9.5,0.5,0.001,False,[]
97,7.5,9.5,0.5,0.001,False,[]
98,8.5,9.5,0.5,0.001,False,[]
99,9.5,9.5,0.5,0.001,False,[]
100,0.5,0.5,1.5,0.001,False,[]
101,1.5,0.5,1.5,0.001,False,[]
102,2.5,0.5,1.5,0.001,False,[]
103,3.5,0.5,1.5,0.001,False,[]
104,4.5,0.5,1.5,0.001,False,[]
105,5.5,0.5,1.5,0.001,False,[]
106,6.5,0.5,1.5,0.001,False,[]
107,7.5,0.5,1.5,0.001,False,[]
108,8.5,0.5,1.5,0.001,False,[]
109,9.5,0.5,1.5,0.001,False,[]
110,0.5,1.5,1.5,0.001,False,[]
111,1.5,1.5,1.5,0.001,False,[]
112,2.5,1.5,1.5,0.001,False,[]
113,3.5,1.5,1.5,0.001,False,[]
114,4.5,1.5,1.5,0.001,False,[]
115,5.5,1.5,1.5,0.00212880520121,False,[]
116,6.5,1.5,1.5,0.00746555861735,False,[]
117,7.5,1.5,1.5,0.00915610105669,False,[]
118,8.5,1.5,1.5,0.00101551511673,False,[]
119,9.5,1.5,1.5,0.001,False,[]
120,0.5,2.5,1.5,0.001,False,[]
121,1.5,2.5,1.5,0.001,False,[]
122,2.5,2.5,1.5,0.001,False,[]
123,3.5,2.5,1.5,0.001,False,[]
124,4.5,2.5,1.5,0.00212880520121,False,[]
125,5.5,2.5,1.5,0.0955986130932,False,[25, 135, 225, 126, 235, 24, 35, 136, 226, 26]
126,6.5,2.5,1.5,0.452460395926,False,[127, 125, 136, 226, 26, 25, 137, 135, 225, 236]
127,7.5,2.5,1.5,0.561326390995,False,[126, 137, 227, 27, 136, 237, 138, 226, 37, 26]
128,8.5,2.5,1.5,0.0171558536701,False,[]
129,9.5,2.5,1.5,0.00101810096952,False,[]
130,0.5,3.5,1.5,0.001,False,[]
131,1.5,3.5,1.5,0.001,False,[]
132,2.5,3.5,1.5,0.001,False,[]
133,3.5,3.5,1.5,0.001,False,[]
134,4.5,3.5,1.5,0.0144679225379,False,[]
135,5.5,3.5,1.5,0.906990201813,False,[35, 145, 125, 235, 136, 45, 225, 245, 146, 34]
136,6.5,3.5,1.5,0.991390624012,False,[236, 135, 137, 126, 146, 36, 35, 246, 147, 237]
137,7.5,3.5,1.5,0.986311061041,False,[138, 127, 136, 237, 147, 37, 126, 247, 27, 146]
138,8.5,3.5,1.5,0.46390553385,False,[137, 148, 238, 38, 147, 248, 237, 48, 127, 28]
139,9.5,3.5,1.5,0.00881411998127,False,[]
140,0.5,4.5,1.5,0.001,False,[]
141,1.5,4.5,1.5,0.001,False,[]
142,2.5,4.5,1.5,0.001,False,[]
143,3.5,4.5,1.5,0.001,False,[]
144,4.5,4.5,1.5,0.0038837449299,False,[]
145,5.5,4.5,1.5,0.217611217911,False,[146, 135, 245, 45, 235, 246, 35, 44, 136, 156]
146,6.5,4.5,1.5,0.979712887141,False,[145, 156, 246, 147, 136, 46, 56, 135, 137, 236]
147,7.5,4.5,1.5,0.990983123481,False,[47, 157, 247, 146, 137, 148, 57, 136, 237, 138]
148,8.5,4.5,1.5,0.369940623586,False,[248, 138, 147, 48, 238, 247, 137, 38, 157, 58]
149,9.5,4.5,1.5,0.007130310728,False,[]
150,0.5,5.5,1.5,0.001,False,[]
151,1.5,5.5,1.5,0.001,False,[]
152,2.5,5.5,1.5,0.001,False,[]
153,3.5,5.5,1.5,0.001,False,[]
154,4.5,5.5,1.5,0.001,False,[]
155,5.5,5.5,1.5,0.00925574428385,False,[]
156,6.5,5.5,1.5,0.383254739506,False,[256, 157, 146, 56, 257, 46, 57, 246, 147, 66]
157,7.5,5.5,1.5,0.962501796946,False,[257, 147, 156, 57, 247, 148, 146, 47, 256, 67]
158,8.5,5.5,1.5,0.082057166374,False,[]
159,9.5,5.5,1.5,0.00208199294035,False,[]
160,0.5,6.5,1.5,0.001,False,[]
161,1.5,6.5,1.5,0.001,False,[]
162,2.5,6.5,1.5,0.001,False,[]
163,3.5,6.5,1.5,0.001,False,[]
164,4.5,6.5,1.5,0.001,False,[]
165,5.5,6.5,1.5,0.001,False,[]
166,6.5,6.5,1.5,0.00637199935395,False,[]
167,7.5,6.5,1.5,0.0152714285714,False,[]
168,8.5,6.5,1.5,0.0019274225203,False,[]
169,9.5,6.5,1.5,0.001,False,[]
170,0.5,7.5,1.5,0.001,False,[]
171,1.5,7.5,1.5,0.001,False,[]
172,2.5,7.5,1.5,0.001,False,[]
173,3.5,7.5,1.5,0.001,False,[]
174,4.5,7.5,1.5,0.001,False,[]
175,5.5,7.5,1.5,0.001,False,[]
176,6.5,7.5,1.5,0.001,False,[]
177,7.5,7.5,1.5,0.001,False,[]
178,8.5,7.5,1.5,0.001,False,[]
179,9.5,7.5,1.5,0.001,False,[]
180,0.5,8.5,1.5,0.001,False,[]
181,1.5,8.5,1.5,0.001,False,[]
182,2.5,8.5,1.5,0.001,False,[]
183,3.5,8.5,1.5,0.001,False,[]
184,4.5,8.5,1.5,0.001,False,[]
185,5.5,8.5,1.5,0.001,False,[]
186,6.5,8.5,1.5,0.001,False,[]
187,7.5,8.5,1.5,0.001,False,[]
188,8.5,8.5,1.5,0.001,False,[]
189,9.5,8.5,1.5,0.001,False,[]
190,0.5,9.5,1.5,0.001,False,[]
191,1.5,9.5,1.5,0.001,False,[]
192,2.5,9.5,1.5,0.001,False,[]
193,3.5,9.5,1.5,0.001,False,[]
194,4.5,9.5,1.5,0.001,False,[]
195,5.5,9.5,1.5,0.001,False,[]
196,6.5,9.5,1.5,0.001,False,[]
197,7.5,9.5,1.5,0.001,False,[]
198,8.5,9.5,1.5,0.001,False,[]
199,9.5,9.5,1.5,0.001,False,[]
200,0.5,0.5,2.5,0.001,False,[]
201,1.5,0.5,2.5,0.001,False,[]
202,2.5,0.5,2.5,0.001,False,[]
203,3.5,0.5,2.5,0.001,False,[]
204,4.5,0.5,2.5,0.001,False,[]
205,5.5,0.5,2.5,0.001,False,[]
206,6.5,0.5,2.5,0.001,False,[]
207,7.5,0.5,2.5,0.001,False,[]
208,8.5,0.5,2.5,0.001,False,[]
209,9.5,0.5,2.5,0.001,False,[]
210,0.5,1.5,2.5,0.001,False,[]
211,1.5,1.5,2.5,0.001,False,[]
212,2.5,1.5,2.5,0.001,False,[]
213,3.5,1.5,2.5,0.001,False,[]
214,4.5,1.5,2.5,0.001,False,[]
215,5.5,1.5,2.5,0.00247038575883,False,[]
216,6.5,1.5,2.5,0.00943557403215,False,[]
217,7.5,1.5,2.5,0.00949641928333,False,[]
218,8.5,1.5,2.5,0.00100450959137,False,[]
219,9.5,1.5,2.5,0.001,False,[]
220,0.5,2.5,2.5,0.001,False,[]
221,1.5,2.5,2.5,0.001,False,[]
222,2.5,2.5,2.5,0.001,False,[]
223,3.5,2.5,2.5,0.001,False,[]
224,4.5,2.5,2.5,0.00247038575883,False,[]
225,5.5,2.5,2.5,0.118362723562,False,[125, 325, 235, 226, 335, 326, 236, 135, 126]
226,6.5,2.5,2.5,0.581785719007,False,[227, 225, 326, 236, 126, 125, 336, 325, 235, 237]
227,7.5,2.5,2.5,0.584535086281,False,[226, 327, 237, 127, 337, 137, 326, 236, 238, 126]
228,8.5,2.5,2.5,0.0166067247234,False,[]
229,9.5,2.5,2.5,0.00100526118993,False,[]
230,0.5,3.5,2.5,0.001,False,[]
231,1.5,3.5,2.5,0.001,False,[]
232,2.5,3.5,2.5,0.001,False,[]
233,3.5,3.5,2.5,0.001,False,[]
234,4.5,3.5,2.5,0.0130776810289,False,[]
235,5.5,3.5,2.5,0.818313623077,False,[135, 245, 335, 225, 236, 145, 325, 345, 246, 336]
236,6.5,3.5,2.5,0.991970397918,False,[226, 235, 336, 237, 246, 136, 135, 346, 247, 337]
237,7.5,3.5,2.5,0.986756929181,False,[238, 227, 337, 236, 247, 137, 226, 347, 127, 246]
238,8.5,3.5,2.5,0.470600028977,False,[237, 248, 338, 138, 348, 247, 337, 148, 227, 137]
239,9.5,3.5,2.5,0.00893726154752,False,[]
240,0.5,4.5,2.5,0.001,False,[]
241,1.5,4.5,2.5,0.001,False,[]
242,2.5,4.5,2.5,0.001,False,[]
243,3.5,4.5,2.5,0.001,False,[]
244,4.5,4.5,2.5,0.005235059556,False,[]
245,5.5,4.5,2.5,0.306309884476,False,[246, 235, 345, 145, 335, 256, 135, 236, 346, 146]
246,6.5,4.5,2.5,0.982347675317,False,[245, 346, 256, 247, 236, 146, 345, 235, 336, 237]
247,7.5,4.5,2.5,0.99120937228,False,[147, 347, 257, 246, 237, 248, 346, 337, 236, 238]
248,8.5,4.5,2.5,0.431416323334,False,[247, 238, 348, 148, 338, 257, 237, 138, 347, 147]
249,9.5,4.5,2.5,0.00822425408471,False,[]
250,0.5,5.5,2.5,0.001,False,[]
251,1.5,5.5,2.5,0.001,False,[]
252,2.5,5.5,2.5,0.001,False,[]
253,3.5,5.5,2.5,0.001,False,[]
254,4.5,5.5,2.5,0.001,False,[]
255,5.5,5.5,2.5,0.0118905324595,False,[]
256,6.5,5.5,2.5,0.468177672138,False,[246, 356, 257, 156, 357, 346, 247, 245, 157, 146]
257,7.5,5.5,2.5,0.917911625457,False,[256, 247, 357, 157, 347, 356, 156, 246, 147, 248]
258,8.5,5.5,2.5,0.0801690648355,False,[]
259,9.5,5.5,2.5,0.0020542849312,False,[]
260,0.5,6.5,2.5,0.001,False,[]
261,1.5,6.5,2.5,0.001,False,[]
262,2.5,6.5,2.5,0.001,False,[]
263,3.5,6.5,2.5,0.001,False,[]
264,4.5,6.5,2.5,0.001,False,[]
265,5.5,6.5,2.5,0.001,False,[]
266,6.5,6.5,2.5,0.00765547290348,False,[]
267,7.5,6.5,2.5,0.0145600116359,False,[]
268,8.5,6.5,2.5,0.00190367279817,False,[]
269,9.5,6.5,2.5,0.001,False,[]
270,0.5,7.5,2.5,0.001,False,[]
271,1.5,7.5,2.5,0.001,False,[]
272,2.5,7.5,2.5,0.001,False,[]
273,3.5,7.5,2.5,0.001,False,[]
274,4.5,7.5,2.5,0.001,False,[]
275,5.5,7.5,2.5,0.001,False,[]
276,6.5,7.5,2.5,0.001,False,[]
277,7.5,7.5,2.5,0.001,False,[]
278,8.5,7.5,2.5,0.001,False,[]
279,9.5,7.5,2.5,0.001,False,[]
280,0.5,8.5,2.5,0.001,False,[]
281,1.5,8.5,2.5,0.001,False,[]
282,2.5,8.5,2.5,0.001,False,[]
283,3.5,8.5,2.5,0.001,False,[]
284,4.5,8.5,2.5,0.001,False,[]
285,5.5,8.5,2.5,0.001,False,[]
286,6.5,8.5,2.5,0.001,False,[]
287,7.5,8.5,2.5,0.001,False,[]
288,8.5,8.5,2.5,0.001,False,[]
289,9.5,8.5,2.5,0.001,False,[]
290,0.5,9.5,2.5,0.001,False,[]
291,1.5,9.5,2.5,0.001,False,[]
292,2.5,9.5,2.5,0.001,False,[]
293,3.5,9.5,2.5,0.001,False,[]
294,4.5,9.5,2.5,0.001,False,[]
295,5.5,9.5,2.5,0.001,False,[]
296,6.5,9.5,2.5,0.001,False,[]
297,7.5,9.5,2.5,0.001,False,[]
298,8.5,9.5,2.5,0.001,False,[]
299,9.5,9.5,2.5,0.001,False,[]
300,0.5,0.5,3.5,0.001,False,[]
301,1.5,0.5,3.5,0.001,False,[]
302,2.5,0.5,3.5,0.001,False,[]
303,3.5,0.5,3.5,0.001,False,[]
304,4.5,0.5,3.5,0.001,False,[]
305,5.5,0.5,3.5,0.001,False,[]
306,6.5,0.5,3.5,0.001,False,[]
307,7.5,0.5,3.5,0.001,False,[]
308,8.5,0.5,3.5,0.001,False,[]
309,9.5,0.5,3.5,0.001,False,[]
310,0.5,1.5,3.5,0.001,False,[]
311,1.5,1.5,3.5,0.001,False,[]
312,2.5,1.5,3.5,0.001,False,[]
313,3.5,1.5,3.5,0.001,False,[]
314,4.5,1.5,3.5,0.001,False,[]
315,5.5,1.5,3.5,0.00261597473501,False,[]
316,6.5,1.5,3.5,0.0112051887191,False,[]
317,7.5,1.5,3.5,0.00989663889667,False,[]
318,8.5,1.5,3.5,0.00100280943484,False,[]
319,9.5,1.5,3.5,0.001,False,[]
320,0.5,2.5,3.5,0.001,False,[]
321,1.5,2.5,3.5,0.001,False,[]
322,2.5,2.5,3.5,0.001,False,[]
323,3.5,2.5,3.5,0.001,False,[]
324,4.5,2.5,3.5,0.00261597473501,False,[]
325,5.5,2.5,3.5,0.128888494172,False,[425, 335, 225, 326, 235, 435, 226, 336, 426]
326,6.5,2.5,3.5,0.699291511087,False,[426, 325, 226, 336, 327, 337, 236, 335, 225, 425]
327,7.5,2.5,3.5,0.613158372122,False,[427, 227, 337, 326, 336, 237, 338, 226, 437, 426]
328,8.5,2.5,3.5,0.0171077994887,False,[]
329,9.5,2.5,3.5,0.00100327767398,False,[]
330,0.5,3.5,3.5,0.001,False,[]
331,1.5,3.5,3.5,0.001,False,[]
332,2.5,3.5,3.5,0.001,False,[]
333,3.5,3.5,3.5,0.001,False,[]
334,4.5,3.5,3.5,0.0118972408033,False,[]
335,5.5,3.5,3.5,0.741943359642,False,[435, 345, 325, 235, 336, 225, 425, 245, 445, 346]
336,6.5,3.5,3.5,0.99255957238,False,[236, 335, 337, 326, 346, 436, 237, 246, 446, 347]
337,7.5,3.5,3.5,0.987372347048,False,[437, 327, 336, 237, 347, 338, 326, 247, 447, 236]
338,8.5,3.5,3.5,0.486093227186,False,[438, 348, 238, 337, 347, 248, 448, 237, 327, 437]
339,9.5,3.5,3.5,0.00918832617623,False,[]
340,0.5,4.5,3.5,0.001,False,[]
341,1.5,4.5,3.5,0.001,False,[]
342,2.5,4.5,3.5,0.001,False,[]
343,3.5,4.5,3.5,0.001,False,[]
344,4.5,4.5,3.5,0.00603321836254,False,[]
345,5.5,4.5,3.5,0.358311825119,False,[445, 335, 245, 346, 235, 435, 356, 336, 246, 446]
346,6.5,4.5,3.5,0.984514327974,False,[347, 246, 356, 446, 336, 345, 245, 335, 337, 236]
347,7.5,4.5,3.5,0.991307385279,False,[346, 247, 357, 447, 337, 348, 246, 336, 237, 437]
348,8.5,4.5,3.5,0.47760495219,False,[248, 338, 347, 448, 238, 438, 357, 337, 247, 447]
349,9.5,4.5,3.5,0.00902825859469,False,[]
350,0.5,5.5,3.5,0.001,False,[]
351,1.5,5.5,3.5,0.001,False,[]
352,2.5,5.5,3.5,0.001,False,[]
353,3.5,5.5,3.5,0.001,False,[]
354,4.5,5.5,3.5,0.001,False,[]
355,5.5,5.5,3.5,0.0140653510898,False,[]
356,6.5,5.5,3.5,0.558781075726,False,[256, 357, 346, 456, 257, 246, 457, 347, 446, 345]
357,7.5,5.5,3.5,0.880272554219,False,[257, 347, 356, 457, 247, 447, 348, 346, 256, 456]
358,8.5,5.5,3.5,0.0640000216712,False,[]
359,9.5,5.5,3.5,0.00176341277742,False,[]
360,0.5,6.5,3.5,0.001,False,[]
361,1.5,6.5,3.5,0.001,False,[]
362,2.5,6.5,3.5,0.001,False,[]
363,3.5,6.5,3.5,0.001,False,[]
364,4.5,6.5,3.5,0.001,False,[]
365,5.5,6.5,3.5,0.001,False,[]
366,6.5,6.5,3.5,0.00902396675414,False,[]
367,7.5,6.5,3.5,0.0139688779119,False,[]
368,8.5,6.5,3.5,0.00165435380922,False,[]
369,9.5,6.5,3.5,0.001,False,[]
370,0.5,7.5,3.5,0.001,False,[]
371,1.5,7.5,3.5,0.001,False,[]
372,2.5,7.5,3.5,0.001,False,[]
373,3.5,7.5,3.5,0.001,False,[]
374,4.5,7.5,3.5,0.001,False,[]
375,5.5,7.5,3.5,0.001,False,[]
376,6.5,7.5,3.5,0.001,False,[]
377,7.5,7.5,3.5,0.001,False,[]
378,8.5,7.5,3.5,0.001,False,[]
379,9.5,7.5,3.5,0.001,False,[]
380,0.5,8.5,3.5,0.001,False,[]
381,1.5,8.5,3.5,0.001,False,[]
382,2.5,8.5,3.5,0.001,False,[]
383,3.5,8.5,3.5,0.001,False,[]
384,4.5,8.5,3.5,0.001,False,[]
385,5.5,8.5,3.5,0.001,False,[]
386,6.5,8.5,3.5,0.001,False,[]
387,7.5,8.5,3.5,0.001,False,[]
388,8.5,8.5,3.5,0.001,False,[]
389,9.5,8.5,3.5,0.001,False,[]
390,0.5,9.5,3.5,0.001,False,[]
391,1.5,9.5,3.5,0.001,False,[]
392,2.5,9.5,3.5,0.001,False,[]
393,3.5,9.5,3.5,0.001,False,[]
394,4.5,9.5,3.5,0.001,False,[]
395,5.5,9.5,3.5,0.001,False,[]
396,6.5,9.5,3.5,0.001,False,[]
397,7.5,9.5,3.5,0.001,False,[]
398,8.5,9.5,3.5,0.001,False,[]
399,9.5,9.5,3.5,0.001,False,[]
400,0.5,0.5,4.5,0.001,False,[]
401,1.5,0.5,4.5,0.001,False,[]
402,2.5,0.5,4.5,0.001,False,[]
403,3.5,0.5,4.5,0.001,False,[]
404,4.5,0.5,4.5,0.001,False,[]
405,5.5,0.5,4.5,0.001,False,[]
406,6.5,0.5,4.5,0.001,False,[]
407,7.5,0.5,4.5,0.001,False,[]
408,8.5,0.5,4.5,0.001,False,[]
409,9.5,0.5,4.5,0.001,False,[]
410,0.5,1.5,4.5,0.001,False,[]
411,1.5,1.5,4.5,0.001,False,[]
412,2.5,1.5,4.5,0.001,False,[]
413,3.5,1.5,4.5,0.001,False,[]
414,4.5,1.5,4.5,0.001,False,[]
415,5.5,1.5,4.5,0.00289329584932,False,[]
416,6.5,1.5,4.5,0.0129398168302,False,[]
417,7.5,1.5,4.5,0.0107976367264,False,[]
418,8.5,1.5,4.5,0.00100828187688,False,[]
419,9.5,1.5,4.5,0.001,False,[]
420,0.5,2.5,4.5,0.001,False,[]
421,1.5,2.5,4.5,0.001,False,[]
422,2.5,2.5,4.5,0.001,False,[]
423,3.5,2.5,4.5,0.001,False,[]
424,4.5,2.5,4.5,0.00289329584932,False,[]
425,5.5,2.5,4.5,0.149167855873,False,[325, 525, 435, 426, 535, 335, 526, 436, 326]
426,6.5,2.5,4.5,0.814639128333,False,[427, 526, 425, 436, 326, 435, 336, 525, 536, 527]
427,7.5,2.5,4.5,0.67471237854,False,[426, 527, 437, 327, 537, 337, 526, 436, 438, 326]
428,8.5,2.5,4.5,0.019311616423,False,[]
429,9.5,2.5,4.5,0.0010096621897,False,[]
430,0.5,3.5,4.5,0.001,False,[]
431,1.5,3.5,4.5,0.001,False,[]
432,2.5,3.5,4.5,0.001,False,[]
433,3.5,3.5,4.5,0.001,False,[]
434,4.5,3.5,4.5,0.0115216455304,False,[]
435,5.5,3.5,4.5,0.718667728048,False,[335, 535, 445, 425, 436, 536, 446, 545, 525, 325]
436,6.5,3.5,4.5,0.993184298113,False,[426, 446, 435, 437, 536, 336, 445, 546, 535, 537]
437,7.5,3.5,4.5,0.989200858402,False,[438, 447, 427, 436, 537, 337, 446, 547, 527, 536]
438,8.5,3.5,4.5,0.548975509288,False,[437, 538, 448, 338, 548, 348, 537, 447, 427, 337]
439,9.5,3.5,4.5,0.0102704252887,False,[]
440,0.5,4.5,4.5,0.001,False,[]
441,1.5,4.5,4.5,0.001,False,[]
442,2.5,4.5,4.5,0.001,False,[]
443,3.5,4.5,4.5,0.001,False,[]
444,4.5,4.5,4.5,0.00678212098583,False,[]
445,5.5,4.5,4.5,0.409352240643,False,[446, 435, 545, 345, 535, 436, 335, 546, 456, 346]
446,6.5,4.5,4.5,0.987191011649,False,[445, 436, 456, 447, 546, 346, 336, 536, 435, 556]
447,7.5,4.5,4.5,0.99210611031,False,[347, 437, 457, 446, 547, 448, 337, 537, 557, 456]
448,8.5,4.5,4.5,0.556316089815,False,[447, 548, 438, 348, 538, 547, 338, 457, 437, 347]
449,9.5,4.5,4.5,0.0104045677896,False,[]
450,0.5,5.5,4.5,0.001,False,[]
451,1.5,5.5,4.5,0.001,False,[]
452,2.5,5.5,4.5,0.001,False,[]
453,3.5,5.5,4.5,0.001,False,[]
454,4.5,5.5,4.5,0.00100816597314,False,[]
455,5.5,5.5,4.5,0.0177465333541,False,[]
456,6.5,5.5,4.5,0.711767711951,False,[446, 556, 457, 356, 557, 546, 447, 445, 357, 346]
457,7.5,5.5,4.5,0.86853589091,False,[456, 557, 447, 357, 547, 556, 347, 448, 446, 356]
458,8.5,5.5,4.5,0.046493342464,False,[]
459,9.5,5.5,4.5,0.00142870643844,False,[]
460,0.5,6.5,4.5,0.001,False,[]
461,1.5,6.5,4.5,0.001,False,[]
462,2.5,6.5,4.5,0.001,False,[]
463,3.5,6.5,4.5,0.001,False,[]
464,4.5,6.5,4.5,0.001,False,[]
465,5.5,6.5,4.5,0.00100816597314,False,[]
466,6.5,6.5,4.5,0.011351424074,False,[]
467,7.5,6.5,4.5,0.0137546070871,False,[]
468,8.5,6.5,4.5,0.00136746266152,False,[]
469,9.5,6.5,4.5,0.001,False,[]
470,0.5,7.5,4.5,0.001,False,[]
471,1.5,7.5,4.5,0.001,False,[]
472,2.5,7.5,4.5,0.001,False,[]
473,3.5,7.5,4.5,0.001,False,[]
474,4.5,7.5,4.5,0.001,False,[]
475,5.5,7.5,4.5,0.001,False,[]
476,6.5,7.5,4.5,0.001,False,[]
477,7.5,7.5,4.5,0.001,False,[]
478,8.5,7.5,4.5,0.001,False,[]
479,9.5,7.5,4.5,0.001,False,[]
480,0.5,8.5,4.5,0.001,False,[]
481,1.5,8.5,4.5,0.001,False,[]
482,2.5,8.5,4.5,0.001,False,[]
483,3.5,8.5,4.5,0.001,False,[]
484,4.5,8.5,4.5,0.001,False,[]
485,5.5,8.5,4.5,0.001,False,[]
486,6.5,8.5,4.5,0.001,False,[]
487,7.5,8.5,4.5,0.001,False,[]
488,8.5,8.5,4.5,0.001,False,[]
489,9.5,8.5,4.5,0.001,False,[]
490,0.5,9.5,4.5,0.001,False,[]
491,1.5,9.5,4.5,0.001,False,[]
492,2.5,9.5,4.5,0.001,False,[]
493,3.5,9.5,4.5,0.001,False,[]
494,4.5,9.5,4.5,0.001,False,[]
495,5.5,9.5,4.5,0.001,False,[]
496,6.5,9.5,4.5,0.001,False,[]
497,7.5,9.5,4.5,0.001,False,[]
498,8.5,9.5,4.5,0.001,False,[]
499,9.5,9.5,4.5,0.001,False,[]
500,0.5,0.5,5.5,0.001,False,[]
501,1.5,0.5,5.5,0.001,False,[]
502,2.5,0.5,5.5,0.001,False,[]
503,3.5,0.5,5.5,0.001,False,[]
504,4.5,0.5,5.5,0.001,False,[]
505,5.5,0.5,5.5,0.001,False,[]
506,6.5,0.5,5.5,0.001,False,[]
507,7.5,0.5,5.5,0.001,False,[]
508,8.5,0.5,5.5,0.001,False,[]
509,9.5,0.5,5.5,0.001,False,[]
510,0.5,1.5,5.5,0.001,False,[]
511,1.5,1.5,5.5,0.001,False,[]
512,2.5,1.5,5.5,0.001,False,[]
513,3.5,1.5,5.5,0.001,False,[]
514,4.5,1.5,5.5,0.001,False,[]
515,5.5,1.5,5.5,0.00391948442056,False,[]
516,6.5,1.5,5.5,0.014323301333,False,[]
517,7.5,1.5,5.5,0.0125474618752,False,[]
518,8.5,1.5,5.5,0.00103505132229,False,[]
519,9.5,1.5,5.5,0.001,False,[]
520,0.5,2.5,5.5,0.001,False,[]
521,1.5,2.5,5.5,0.001,False,[]
522,2.5,2.5,5.5,0.001,False,[]
523,3.5,2.5,5.5,0.001,False,[]
524,4.5,2.5,5.5,0.00391948442056,False,[]
525,5.5,2.5,5.5,0.21926808199,False,[625, 425, 535, 526, 435, 426, 635, 536, 626]
526,6.5,2.5,5.5,0.907205921114,False,[626, 525, 426, 536, 527, 436, 427, 425, 535, 625]
527,7.5,2.5,5.5,0.79123726696,False,[627, 427, 537, 526, 437, 538, 426, 536, 637, 626]
528,8.5,2.5,5.5,0.0251170220016,False,[]
529,9.5,2.5,5.5,0.00104089320934,False,[]
530,0.5,3.5,5.5,0.001,False,[]
531,1.5,3.5,5.5,0.001,False,[]
532,2.5,3.5,5.5,0.001,False,[]
533,3.5,3.5,5.5,0.001,False,[]
534,4.5,3.5,5.5,0.0124383278911,False,[]
535,5.5,3.5,5.5,0.780764295737,False,[635, 435, 545, 525, 536, 645, 546, 445, 425, 436]
536,6.5,3.5,5.5,0.94259881177,False,[526, 535, 436, 537, 546, 636, 437, 446, 435, 646]
537,7.5,3.5,5.5,0.990013677535,False,[637, 437, 527, 536, 547, 538, 627, 447, 647, 636]
538,8.5,3.5,5.5,0.690435368845,False,[638, 548, 438, 537, 448, 547, 648, 437, 527, 637]
539,9.5,3.5,5.5,0.012744986203,False,[]
540,0.5,4.5,5.5,0.001,False,[]
541,1.5,4.5,5.5,0.001,False,[]
542,2.5,4.5,5.5,0.001,False,[]
543,3.5,4.5,5.5,0.001,False,[]
544,4.5,4.5,5.5,0.00946203911248,False,[]
545,5.5,4.5,5.5,0.585996925331,False,[645, 535, 445, 546, 435, 635, 655, 536, 446, 556]
546,6.5,4.5,5.5,0.96233774533,False,[547, 446, 556, 646, 536, 545, 445, 535, 436, 537]
547,7.5,4.5,5.5,0.98013681785,False,[546, 447, 557, 647, 537, 548, 446, 437, 536, 637]
548,8.5,4.5,5.5,0.682057931091,False,[547, 538, 448, 648, 438, 638, 658, 537, 447, 557]
549,9.5,4.5,5.5,0.0125990425938,False,[]
550,0.5,5.5,5.5,0.001,False,[]
551,1.5,5.5,5.5,0.001,False,[]
552,2.5,5.5,5.5,0.001,False,[]
553,3.5,5.5,5.5,0.001,False,[]
554,4.5,5.5,5.5,0.00109036601336,False,[]
555,5.5,5.5,5.5,0.0297610990495,False,[]
556,6.5,5.5,5.5,0.898649984961,False,[546, 456, 557, 656, 457, 446, 547, 657, 545, 646]
557,7.5,5.5,5.5,0.905667244246,False,[556, 457, 547, 657, 447, 456, 656, 647, 548, 546]
558,8.5,5.5,5.5,0.0584813833069,False,[]
559,9.5,5.5,5.5,0.00158999864618,False,[]
560,0.5,6.5,5.5,0.001,False,[]
561,1.5,6.5,5.5,0.001,False,[]
562,2.5,6.5,5.5,0.001,False,[]
563,3.5,6.5,5.5,0.001,False,[]
564,4.5,6.5,5.5,0.001,False,[]
565,5.5,6.5,5.5,0.00109036601336,False,[]
566,6.5,6.5,5.5,0.0142184028306,False,[]
567,7.5,6.5,5.5,0.0142818441181,False,[]
568,8.5,6.5,5.5,0.0015057131253,False,[]
569,9.5,6.5,5.5,0.001,False,[]
570,0.5,7.5,5.5,0.001,False,[]
571,1.5,7.5,5.5,0.001,False,[]
572,2.5,7.5,5.5,0.001,False,[]
573,3.5,7.5,5.5,0.001,False,[]
574,4.5,7.5,5.5,0.001,False,[]
575,5.5,7.5,5.5,0.001,False,[]
576,6.5,7.5,5.5,0.001,False,[]
577,7.5,7.5,5.5,0.001,False,[]
578,8.5,7.5,5.5,0.001,False,[]
579,9.5,7.5,5.5,0.001,False,[]
580,0.5,8.5,5.5,0.001,False,[]
581,1.5,8.5,5.5,0.001,False,[]
582,2.5,8.5,5.5,0.001,False,[]
583,3.5,8.5,5.5,0.001,False,[]
584,4.5,8.5,5.5,0.001,False,[]
585,5.5,8.5,5.5,0.001,False,[]
586,6.5,8.5,5.5,0.001,False,[]
587,7.5,8.5,5.5,0.001,False,[]
588,8.5,8.5,5.5,0.001,False,[]
589,9.5,8.5,5.5,0.001,False,[]
590,0.5,9.5,5.5,0.001,False,[]
591,1.5,9.5,5.5,0.001,False,[]
592,2.5,9.5,5.5,0.001,False,[]
593,3.5,9.5,5.5,0.001,False,[]
594,4.5,9.5,5.5,0.001,False,[]
595,5.5,9.5,5.5,0.001,False,[]
596,6.5,9.5,5.5,0.001,False,[]
597,7.5,9.5,5.5,0.001,False,[]
598,8.5,9.5,5.5,0.001,False,[]
599,9.5,9.5,5.5,0.001,False,[]
600,0.5,0.5,6.5,0.001,False,[]
601,1.5,0.5,6.5,0.001,False,[]
602,2.5,0.5,6.5,0.001,False,[]
603,3.5,0.5,6.5,0.001,False,[]
604,4.5,0.5,6.5,0.001,False,[]
605,5.5,0.5,6.5,0.001,False,[]
606,6.5,0.5,6.5,0.001,False,[]
607,7.5,0.5,6.5,0.001,False,[]
608,8.5,0.5,6.5,0.001,False,[]
609,9.5,0.5,6.5,0.001,False,[]
610,0.5,1.5,6.5,0.001,False,[]
611,1.5,1.5,6.5,0.001,False,[]
612,2.5,1.5,6.5,0.001,False,[]
613,3.5,1.5,6.5,0.001,False,[]
614,4.5,1.5,6.5,0.001,False,[]
615,5.5,1.5,6.5,0.00576615400039,False,[]
616,6.5,1.5,6.5,0.0145707512112,False,[]
617,7.5,1.5,6.5,0.0147722889964,False,[]
618,8.5,1.5,6.5,0.00125086259188,False,[]
619,9.5,1.5,6.5,0.001,False,[]
620,0.5,2.5,6.5,0.001,False,[]
621,1.5,2.5,6.5,0.001,False,[]
622,2.5,2.5,6.5,0.001,False,[]
623,3.5,2.5,6.5,0.001,False,[]
624,4.5,2.5,6.5,0.00576615400039,False,[]
625,5.5,2.5,6.5,0.343195126689,False,[525, 725, 635, 626, 735, 726, 636, 535, 526]
626,6.5,2.5,6.5,0.92300485956,False,[627, 625, 726, 636, 526, 525, 736, 725, 635, 637]
627,7.5,2.5,6.5,0.933951486099,False,[626, 727, 637, 527, 737, 537, 726, 636, 728, 638]
628,8.5,2.5,6.5,0.0466826754552,False,[]
629,9.5,2.5,6.5,0.00129267302386,False,[]
630,0.5,3.5,6.5,0.001,False,[]
631,1.5,3.5,6.5,0.001,False,[]
632,2.5,3.5,6.5,0.001,False,[]
633,3.5,3.5,6.5,0.001,False,[]
634,4.5,3.5,6.5,0.0132710201749,False,[]
635,5.5,3.5,6.5,0.835716032027,False,[535, 645, 735, 625, 636, 545, 725, 745, 646, 736]
636,6.5,3.5,6.5,0.581229647544,False,[626, 635, 736, 637, 646, 536, 535, 746, 647, 737]
637,7.5,3.5,6.5,0.842886461499,False,[638, 627, 737, 636, 647, 537, 626, 747, 527, 646]
638,8.5,3.5,6.5,0.877820075034,False,[637, 648, 738, 538, 748, 647, 737, 548, 728, 627]
639,9.5,3.5,6.5,0.0161017855653,False,[]
640,0.5,4.5,6.5,0.001,False,[]
641,1.5,4.5,6.5,0.001,False,[]
642,2.5,4.5,6.5,0.001,False,[]
643,3.5,4.5,6.5,0.001,False,[]
644,4.5,4.5,6.5,0.0132438549386,False,[]
645,5.5,4.5,6.5,0.829557965107,False,[646, 635, 745, 655, 545, 535, 636, 735, 755, 746]
646,6.5,4.5,6.5,0.701800358794,False,[645, 746, 656, 647, 636, 546, 745, 635, 736, 637]
647,7.5,4.5,6.5,0.759971770496,False,[547, 747, 657, 646, 637, 648, 746, 737, 636, 638]
648,8.5,4.5,6.5,0.819383819904,False,[647, 638, 748, 658, 548, 637, 538, 738, 758, 747]
649,9.5,4.5,6.5,0.0150337883258,False,[]
650,0.5,5.5,6.5,0.001,False,[]
651,1.5,5.5,6.5,0.001,False,[]
652,2.5,5.5,6.5,0.001,False,[]
653,3.5,5.5,6.5,0.001,False,[]
654,4.5,5.5,6.5,0.00228906627826,False,[]
655,5.5,5.5,6.5,0.115500136702,False,[645, 755, 656, 646, 745, 756, 545, 556]
656,6.5,5.5,6.5,0.954444568717,False,[655, 756, 657, 646, 556, 755, 645, 757, 746, 557]
657,7.5,5.5,6.5,0.95365477237,False,[658, 647, 757, 656, 557, 646, 547, 747, 756, 758]
658,8.5,5.5,6.5,0.129531712128,False,[648, 758, 657, 757, 748, 647, 548, 557]
659,9.5,5.5,6.5,0.00277846666553,False,[]
660,0.5,6.5,6.5,0.001,False,[]
661,1.5,6.5,6.5,0.001,False,[]
662,2.5,6.5,6.5,0.001,False,[]
663,3.5,6.5,6.5,0.001,False,[]
664,4.5,6.5,6.5,0.001,False,[]
665,5.5,6.5,6.5,0.00228906627826,False,[]
666,6.5,6.5,6.5,0.015076817296,False,[]
667,7.5,6.5,6.5,0.0150457668114,False,[]
668,8.5,6.5,6.5,0.00252439999902,False,[]
669,9.5,6.5,6.5,0.001,False,[]
670,0.5,7.5,6.5,0.001,False,[]
671,1.5,7.5,6.5,0.001,False,[]
672,2.5,7.5,6.5,0.001,False,[]
673,3.5,7.5,6.5,0.001,False,[]
674,4.5,7.5,6.5,0.001,False,[]
675,5.5,7.5,6.5,0.001,False,[]
676,6.5,7.5,6.5,0.001,False,[]
677,7.5,7.5,6.5,0.001,False,[]
678,8.5,7.5,6.5,0.001,False,[]
679,9.5,7.5,6.5,0.001,False,[]
680,0.5,8.5,6.5,0.001,False,[]
681,1.5,8.5,6.5,0.001,False,[]
682,2.5,8.5,6.5,0.001,False,[]
683,3.5,8.5,6.5,0.001,False,[]
684,4.5,8.5,6.5,0.001,False,[]
685,5.5,8.5,6.5,0.001,False,[]
686,6.5,8.5,6.5,0.001,False,[]
687,7.5,8.5,6.5,0.001,False,[]
688,8.5,8.5,6.5,0.001,False,[]
689,9.5,8.5,6.5,0.001,False,[]
690,0.5,9.5,6.5,0.001,False,[]
691,1.5,9.5,6.5,0.001,False,[]
692,2.5,9.5,6.5,0.001,False,[]
693,3.5,9.5,6.5,0.001,False,[]
694,4.5,9.5,6.5,0.001,False,[]
695,5.5,9.5,6.5,0.001,False,[]
696,6.5,9.5,6.5,0.001,False,[]
697,7.5,9.5,6.5,0.001,False,[]
698,8.5,9.5,6.5,0.001,False,[]
699,9.5,9.5,6.5,0.001,False,[]
700,0.5,0.5,7.5,0.001,False,[]
701,1.5,0.5,7.5,0.001,False,[]
702,2.5,0.5,7.5,0.001,False,[]
703,3.5,0.5,7.5,0.001,False,[]
704,4.5,0.5,7.5,0.001,False,[]
705,5.5,0.5,7.5,0.001,False,[]
706,6.5,0.5,7.5,0.001,False,[]
707,7.5,0.5,7.5,0.001,False,[]
708,8.5,0.5,7.5,0.001,False,[]
709,9.5,0.5,7.5,0.001,False,[]
710,0.5,1.5,7.5,0.001,False,[]
711,1.5,1.5,7.5,0.001,False,[]
712,2.5,1.5,7.5,0.001,False,[]
713,3.5,1.5,7.5,0.001,False,[]
714,4.5,1.5,7.5,0.001,False,[]
715,5.5,1.5,7.5,0.00940001485774,False,[]
716,6.5,1.5,7.5,0.0145682384642,False,[]
717,7.5,1.5,7.5,0.0150415394642,False,[]
718,8.5,1.5,7.5,0.00387574162889,False,[]
719,9.5,1.5,7.5,0.001,False,[]
720,0.5,2.5,7.5,0.001,False,[]
721,1.5,2.5,7.5,0.001,False,[]
722,2.5,2.5,7.5,0.001,False,[]
723,3.5,2.5,7.5,0.001,False,[]
724,4.5,2.5,7.5,0.00940001485774,False,[]
725,5.5,2.5,7.5,0.582342144476,False,[825, 735, 625, 726, 635, 835, 626, 736, 826]
726,6.5,2.5,7.5,0.922173720247,False,[826, 725, 626, 736, 727, 737, 636, 735, 625, 825]
727,7.5,2.5,7.5,0.949857271953,False,[726, 627, 737, 827, 728, 626, 837, 736, 637, 738]
728,8.5,2.5,7.5,0.224400750874,False,[727, 738, 828, 737, 638, 627, 838, 827]
729,9.5,2.5,7.5,0.00435503190037,False,[]
730,0.5,3.5,7.5,0.001,False,[]
731,1.5,3.5,7.5,0.001,False,[]
732,2.5,3.5,7.5,0.001,False,[]
733,3.5,3.5,7.5,0.001,False,[]
734,4.5,3.5,7.5,0.0138756047525,False,[]
735,5.5,3.5,7.5,0.874721703653,False,[835, 745, 725, 635, 736, 625, 825, 645, 845, 746]
736,6.5,3.5,7.5,0.291863776787,False,[636, 735, 737, 726, 746, 836, 637, 646, 846, 747]
737,7.5,3.5,7.5,0.484856538151,False,[837, 727, 736, 637, 747, 738, 726, 647, 847, 636]
738,8.5,3.5,7.5,0.941291088048,False,[838, 748, 728, 638, 737, 727, 828, 747, 648, 848]
739,9.5,3.5,7.5,0.0172375927553,False,[]
740,0.5,4.5,7.5,0.001,False,[]
741,1.5,4.5,7.5,0.001,False,[]
742,2.5,4.5,7.5,0.001,False,[]
743,3.5,4.5,7.5,0.001,False,[]
744,4.5,4.5,7.5,0.0139772483823,False,[]
745,5.5,4.5,7.5,0.87882724854,False,[845, 735, 645, 755, 746, 736, 655, 635, 835, 646]
746,6.5,4.5,7.5,0.360081793905,False,[747, 646, 756, 846, 736, 745, 645, 735, 737, 636]
747,7.5,4.5,7.5,0.425510026267,False,[746, 647, 757, 847, 737, 748, 646, 736, 637, 837]
748,8.5,4.5,7.5,0.902019297326,False,[648, 738, 758, 747, 848, 737, 658, 638, 838, 647]
749,9.5,4.5,7.5,0.0165445619092,False,[]
750,0.5,5.5,7.5,0.001,False,[]
751,1.5,5.5,7.5,0.001,False,[]
752,2.5,5.5,7.5,0.001,False,[]
753,3.5,5.5,7.5,0.001,False,[]
754,4.5,5.5,7.5,0.0065888566449,False,[]
755,5.5,5.5,7.5,0.398954815269,False,[855, 745, 655, 756, 645, 845, 746, 656, 856]
756,6.5,5.5,7.5,0.950983995657,False,[856, 757, 746, 656, 755, 846, 747, 657, 646, 857]
757,7.5,5.5,7.5,0.951503659766,False,[857, 747, 756, 657, 758, 746, 656, 647, 847, 748]
758,8.5,5.5,7.5,0.322499906516,False,[858, 748, 658, 757, 747, 648, 848, 657, 857]
759,9.5,5.5,7.5,0.00612128263644,False,[]
760,0.5,6.5,7.5,0.001,False,[]
761,1.5,6.5,7.5,0.001,False,[]
762,2.5,6.5,7.5,0.001,False,[]
763,3.5,6.5,7.5,0.001,False,[]
764,4.5,6.5,7.5,0.001,False,[]
765,5.5,6.5,7.5,0.0065888566449,False,[]
766,6.5,6.5,7.5,0.0150231507635,False,[]
767,7.5,6.5,7.5,0.0150470804822,False,[]
768,8.5,6.5,7.5,0.00538967083124,False,[]
769,9.5,6.5,7.5,0.001,False,[]
770,0.5,7.5,7.5,0.001,False,[]
771,1.5,7.5,7.5,0.001,False,[]
772,2.5,7.5,7.5,0.001,False,[]
773,3.5,7.5,7.5,0.001,False,[]
774,4.5,7.5,7.5,0.001,False,[]
775,5.5,7.5,7.5,0.001,False,[]
776,6.5,7.5,7.5,0.001,False,[]
777,7.5,7.5,7.5,0.001,False,[]
778,8.5,7.5,7.5,0.001,False,[]
779,9.5,7.5,7.5,0.001,False,[]
780,0.5,8.5,7.5,0.001,False,[]
781,1.5,8.5,7.5,0.001,False,[]
782,2.5,8.5,7.5,0.001,False,[]
783,3.5,8.5,7.5,0.001,False,[]
784,4.5,8.5,7.5,0.001,False,[]
785,5.5,8.5,7.5,0.001,False,[]
786,6.5,8.5,7.5,0.001,False,[]
787,7.5,8.5,7.5,0.001,False,[]
788,8.5,8.5,7.5,0.001,False,[]
789,9.5,8.5,7.5,0.001,False,[]
790,0.5,9.5,7.5,0.001,False,[]
791,1.5,9.5,7.5,0.001,False,[]
792,2.5,9.5,7.5,0.001,False,[]
793,3.5,9.5,7.5,0.001,False,[]
794,4.5,9.5,7.5,0.001,False,[]
795,5.5,9.5,7.5,0.001,False,[]
796,6.5,9.5,7.5,0.001,False,[]
797,7.5,9.5,7.5,0.001,False,[]
798,8.5,9.5,7.5,0.001,False,[]
799,9.5,9.5,7.5,0.001,False,[]
800,0.5,0.5,8.5,0.001,False,[]
801,1.5,0.5,8.5,0.001,False,[]
802,2.5,0.5,8.5,0.001,False,[]
803,3.5,0.5,8.5,0.001,False,[]
804,4.5,0.5,8.5,0.001,False,[]
805,5.5,0.5,8.5,0.001,False,[]
806,6.5,0.5,8.5,0.001,False,[]
807,7.5,0.5,8.5,0.001,False,[]
808,8.5,0.5,8.5,0.001,False,[]
809,9.5,0.5,8.5,0.001,False,[]
810,0.5,1.5,8.5,0.001,False,[]
811,1.5,1.5,8.5,0.001,False,[]
812,2.5,1.5,8.5,0.001,False,[]
813,3.5,1.5,8.5,0.001,False,[]
814,4.5,1.5,8.5,0.001,False,[]
815,5.5,1.5,8.5,0.0135311963639,False,[]
816,6.5,1.5,8.5,0.0140048006341,False,[]
817,7.5,1.5,8.5,0.0142464866635,False,[]
818,8.5,1.5,8.5,0.0121429479217,False,[]
819,9.5,1.5,8.5,0.001,False,[]
820,0.5,2.5,8.5,0.001,False,[]
821,1.5,2.5,8.5,0.001,False,[]
822,2.5,2.5,8.5,0.001,False,[]
823,3.5,2.5,8.5,0.001,False,[]
824,4.5,2.5,8.5,0.0135311963639,False,[]
825,5.5,2.5,8.5,0.850353104636,False,[725, 835, 925, 826, 935, 836, 735, 926, 924, 915]
826,6.5,2.5,8.5,0.886790758518,False,[827, 825, 836, 926, 726, 725, 837, 835, 925, 936]
827,7.5,2.5,8.5,0.902094491681,False,[727, 837, 927, 826, 828, 737, 726, 836, 937, 838]
828,8.5,2.5,8.5,0.757633052989,False,[928, 838, 827, 728, 938, 727, 837, 738, 927, 929]
829,9.5,2.5,8.5,0.0140001059087,False,[]
830,0.5,3.5,8.5,0.001,False,[]
831,1.5,3.5,8.5,0.001,False,[]
832,2.5,3.5,8.5,0.001,False,[]
833,3.5,3.5,8.5,0.001,False,[]
834,4.5,3.5,8.5,0.0132453637069,False,[]
835,5.5,3.5,8.5,0.835638465332,False,[735, 845, 825, 935, 836, 745, 925, 945, 846, 826]
836,6.5,3.5,8.5,0.188129808223,False,[936, 835, 837, 826, 846, 736, 735, 946, 847, 937]
837,7.5,3.5,8.5,0.243309151964,False,[838, 827, 836, 937, 847, 737, 826, 947, 727, 846]
838,8.5,3.5,8.5,0.927875705897,False,[837, 848, 828, 938, 738, 748, 827, 847, 948, 928]
839,9.5,3.5,8.5,0.0169402981001,False,[]
840,0.5,4.5,8.5,0.001,False,[]
841,1.5,4.5,8.5,0.001,False,[]
842,2.5,4.5,8.5,0.001,False,[]
843,3.5,4.5,8.5,0.001,False,[]
844,4.5,4.5,8.5,0.0127294611183,False,[]
845,5.5,4.5,8.5,0.80217235072,False,[846, 835, 855, 945, 745, 735, 836, 935, 944, 955]
846,6.5,4.5,8.5,0.197633053105,False,[845, 856, 946, 847, 836, 746, 855, 835, 837, 936]
847,7.5,4.5,8.5,0.229219682552,False,[747, 857, 947, 846, 837, 848, 757, 836, 937, 838]
848,8.5,4.5,8.5,0.831163543197,False,[948, 838, 858, 847, 748, 837, 738, 938, 958, 747]
849,9.5,4.5,8.5,0.0151655555737,False,[]
850,0.5,5.5,8.5,0.001,False,[]
851,1.5,5.5,8.5,0.001,False,[]
852,2.5,5.5,8.5,0.001,False,[]
853,3.5,5.5,8.5,0.001,False,[]
854,4.5,5.5,8.5,0.0129785245712,False,[]
855,5.5,5.5,8.5,0.812569503081,False,[856, 845, 955, 755, 954, 945, 846, 956, 745, 965]
856,6.5,5.5,8.5,0.947457639884,False,[855, 857, 846, 956, 756, 757, 946, 957, 847, 955]
857,7.5,5.5,8.5,0.90184279231,False,[858, 847, 856, 957, 757, 846, 747, 947, 848, 956]
858,8.5,5.5,8.5,0.791069059452,False,[857, 848, 958, 758, 847, 948, 957, 748, 968, 959]
859,9.5,5.5,8.5,0.0146098463994,False,[]
860,0.5,6.5,8.5,0.001,False,[]
861,1.5,6.5,8.5,0.001,False,[]
862,2.5,6.5,8.5,0.001,False,[]
863,3.5,6.5,8.5,0.001,False,[]
864,4.5,6.5,8.5,0.001,False,[]
865,5.5,6.5,8.5,0.0129785245712,False,[]
866,6.5,6.5,8.5,0.0149440177554,False,[]
867,7.5,6.5,8.5,0.0142213501544,False,[]
868,8.5,6.5,8.5,0.0126655826281,False,[]
869,9.5,6.5,8.5,0.001,False,[]
870,0.5,7.5,8.5,0.001,False,[]
871,1.5,7.5,8.5,0.001,False,[]
872,2.5,7.5,8.5,0.001,False,[]
873,3.5,7.5,8.5,0.001,False,[]
874,4.5,7.5,8.5,0.001,False,[]
875,5.5,7.5,8.5,0.001,False,[]
876,6.5,7.5,8.5,0.001,False,[]
877,7.5,7.5,8.5,0.001,False,[]
878,8.5,7.5,8.5,0.001,False,[]
879,9.5,7.5,8.5,0.001,False,[]
880,0.5,8.5,8.5,0.001,False,[]
881,1.5,8.5,8.5,0.001,False,[]
882,2.5,8.5,8.5,0.001,False,[]
883,3.5,8.5,8.5,0.001,False,[]
884,4.5,8.5,8.5,0.001,False,[]
885,5.5,8.5,8.5,0.001,False,[]
886,6.5,8.5,8.5,0.001,False,[]
887,7.5,8.5,8.5,0.001,False,[]
888,8.5,8.5,8.5,0.001,False,[]
889,9.5,8.5,8.5,0.001,False,[]
890,0.5,9.5,8.5,0.001,False,[]
891,1.5,9.5,8.5,0.001,False,[]
892,2.5,9.5,8.5,0.001,False,[]
893,3.5,9.5,8.5,0.001,False,[]
894,4.5,9.5,8.5,0.001,False,[]
895,5.5,9.5,8.5,0.001,False,[]
896,6.5,9.5,8.5,0.001,False,[]
897,7.5,9.5,8.5,0.001,False,[]
898,8.5,9.5,8.5,0.001,False,[]
899,9.5,9.5,8.5,0.001,False,[]
900,0.5,0.5,9.5,0.001,False,[]
901,1.5,0.5,9.5,0.001,False,[]
902,2.5,0.5,9.5,0.001,False,[]
903,3.5,0.5,9.5,0.001,False,[]
904,4.5,0.5,9.5,0.001,False,[]
905,5.5,0.5,9.5,0.001,False,[]
906,6.5,0.5,9.5,0.001,False,[]
907,7.5,0.5,9.5,0.001,False,[]
908,8.5,0.5,9.5,0.001,False,[]
909,9.5,0.5,9.5,0.001,False,[]
910,0.5,1.5,9.5,0.001,False,[]
911,1.5,1.5,9.5,0.001,False,[]
912,2.5,1.5,9.5,0.001,False,[]
913,3.5,1.5,9.5,0.001,False,[]
914,4.5,1.5,9.5,1.0,True,[924, 915, 925]
915,5.5,1.5,9.5,1.0,True,[914, 925, 916, 924, 825, 926]
916,6.5,1.5,9.5,1.0,True,[926, 915, 917, 927, 925, 826]
917,7.5,1.5,9.5,1.0,True,[916, 927, 918, 926, 827, 928]
918,8.5,1.5,9.5,1.0,True,[928, 917, 919, 929, 927, 828]
919,9.5,1.5,9.5,1.0,True,[929, 918, 928]
920,0.5,2.5,9.5,0.001,False,[]
921,1.5,2.5,9.5,0.001,False,[]
922,2.5,2.5,9.5,0.001,False,[]
923,3.5,2.5,9.5,0.001,False,[]
924,4.5,2.5,9.5,1.0,True,[925, 934, 914, 915, 935, 825]
925,5.5,2.5,9.5,1.0,True,[825, 935, 924, 915, 926, 934, 835, 936, 916, 914]
926,6.5,2.5,9.5,1.0,True,[916, 925, 936, 927, 826, 915, 825, 935, 937, 917]
927,7.5,2.5,9.5,1.0,True,[827, 937, 926, 917, 928, 837, 826, 936, 938, 918]
928,8.5,2.5,9.5,1.0,True,[918, 938, 927, 929, 828, 937, 838, 939, 827, 917]
929,9.5,2.5,9.5,1.0,True,[928, 939, 919, 938, 918, 828]
930,0.5,3.5,9.5,0.001,False,[]
931,1.5,3.5,9.5,0.001,False,[]
932,2.5,3.5,9.5,0.001,False,[]
933,3.5,3.5,9.5,0.001,False,[]
934,4.5,3.5,9.5,1.0,True,[924, 944, 935, 925, 945, 835]
935,5.5,3.5,9.5,1.0,True,[835, 945, 925, 934, 936, 845, 926, 944, 946, 924]
936,6.5,3.5,9.5,1.0,True,[926, 946, 935, 937, 836, 945, 846, 947, 925, 837]
937,7.5,3.5,9.5,1.0,True,[938, 947, 927, 936, 837, 946, 847, 948, 836, 926]
938,8.5,3.5,9.5,1.0,True,[937, 948, 928, 939, 838, 848, 927, 947, 949, 929]
939,9.5,3.5,9.5,1.0,True,[929, 949, 938, 948, 928, 838]
940,0.5,4.5,9.5,0.001,False,[]
941,1.5,4.5,9.5,0.001,False,[]
942,2.5,4.5,9.5,0.001,False,[]
943,3.5,4.5,9.5,0.001,False,[]
944,4.5,4.5,9.5,1.0,True,[934, 945, 954, 845, 955, 935]
945,5.5,4.5,9.5,1.0,True,[946, 935, 944, 955, 845, 934, 835, 936, 954, 855]
946,6.5,4.5,9.5,1.0,True,[945, 936, 956, 947, 846, 836, 957, 935, 937, 847]
947,7.5,4.5,9.5,1.0,True,[847, 937, 957, 946, 948, 837, 956, 936, 938, 958]
948,8.5,4.5,9.5,1.0,True,[949, 938, 958, 947, 848, 937, 838, 939, 959, 858]
949,9.5,4.5,9.5,1.0,True,[959, 939, 948, 938, 958, 848]
950,0.5,5.5,9.5,0.001,False,[]
951,1.5,5.5,9.5,0.001,False,[]
952,2.5,5.5,9.5,0.001,False,[]
953,3.5,5.5,9.5,0.001,False,[]
954,4.5,5.5,9.5,1.0,True,[964, 955, 944, 965, 945, 855]
955,5.5,5.5,9.5,1.0,True,[956, 954, 945, 965, 855, 944, 946, 964, 966, 845]
956,6.5,5.5,9.5,1.0,True,[955, 957, 946, 966, 856, 857, 947, 967, 965, 945]
957,7.5,5.5,9.5,1.0,True,[958, 947, 956, 967, 857, 946, 847, 948, 966, 968]
958,8.5,5.5,9.5,1.0,True,[957, 948, 968, 959, 858, 848, 969, 947, 949, 967]
959,9.5,5.5,9.5,1.0,True,[969, 949, 958, 948, 968, 858]
960,0.5,6.5,9.5,0.001,False,[]
961,1.5,6.5,9.5,0.001,False,[]
962,2.5,6.5,9.5,0.001,False,[]
963,3.5,6.5,9.5,0.001,False,[]
964,4.5,6.5,9.5,1.0,True,[965, 954, 955]
965,5.5,6.5,9.5,1.0,True,[966, 964, 955, 954, 956, 855]
966,6.5,6.5,9.5,1.0,True,[965, 967, 956, 957, 955, 856]
967,7.5,6.5,9.5,1.0,True,[968, 966, 957, 956, 958, 857]
968,8.5,6.5,9.5,1.0,True,[967, 969, 958, 959, 957, 858]
969,9.5,6.5,9.5,1.0,True,[968, 959, 958]
970,0.5,7.5,9.5,0.001,False,[]
971,1.5,7.5,9.5,0.001,False,[]
972,2.5,7.5,9.5,0.001,False,[]
973,3.5,7.5,9.5,0.001,False,[]
974,4.5,7.5,9.5,0.001,False,[]
975,5.5,7.5,9.5,0.001,False,[]
976,6.5,7.5,9.5,0.001,False,[]
977,7.5,7.5,9.5,0.001,False,[]
978,8.5,7.5,9.5,0.001,False,[]
979,9.5,7.5,9.5,0.001,False,[]
980,0.5,8.5,9.5,0.001,False,[]
981,1.5,8.5,9.5,0.001,False,[]
982,2.5,8.5,9.5,0.001,False,[]
983,3.5,8.5,9.5,0.001,False,[]
984,4.5,8.5,9.5,0.001,False,[]
985,5.5,8.5,9.5,0.001,False,[]
986,6.5,8.5,9.5,0.001,False,[]
987,7.5,8.5,9.5,0.001,False,[]
988,8.5,8.5,9.5,0.001,False,[]
989,9.5,8.5,9.5,0.001,False,[]
990,0.5,9.5,9.5,0.001,False,[]
991,1.5,9.5,9.5,0.001,False,[]
992,2.5,9.5,9.5,0.001,False,[]
993,3.5,9.5,9.5,0.001,False,[]
994,4.5,9.5,9.5,0.001,False,[]
995,5.5,9.5,9.5,0.001,False,[]
996,6.5,9.5,9.5,0.001,False,[]
997,7.5,9.5,9.5,0.001,False,[]
998,8.5,9.5,9.5,0.001,False,[]
999,9.5,9.5,9.5,0.001,False,[]
